3.834856581412140031e+02
4.850752518939716538e+02
6.183520437420742155e+02
7.071126147934287474e+02
7.669713162824280062e+02
7.669713162824280062e+02
8.575000000000001137e+02
9.235557644235675525e+02
9.701505037879433075e+02
1.043193773946144574e+03
1.084661237437754153e+03
1.084661237437754153e+03
1.098135806719733637e+03
1.150456974423641896e+03
1.236704087484148431e+03
1.236704087484148431e+03
1.248538846011608939e+03
1.339457819417991232e+03
1.382677203833201247e+03
1.382677203833201247e+03
1.414225229586857495e+03
1.414225229586857495e+03
1.455225755681914961e+03
1.465296642321956597e+03
1.533942632564856012e+03
1.533942632564856012e+03
1.581151874425730284e+03
1.581151874425730284e+03
1.617927764147707649e+03
1.689079113008032209e+03
1.715000000000000227e+03
1.715000000000000227e+03
1.723553669022232725e+03
1.748963693162325171e+03
1.790512566278159738e+03
1.823070006883992846e+03
1.847111528847135105e+03
1.855056131226222760e+03
1.917428290706069902e+03
1.940301007575886615e+03
2.000016499931938370e+03
2.065133470262878745e+03
2.065133470262878745e+03
2.086387547892289149e+03
2.093424288098330180e+03
2.121337844380286697e+03
2.169322474875508306e+03
2.196271613439467274e+03
2.229500000000000455e+03
2.300913948847283791e+03
2.307296524073141427e+03
2.382554144190641637e+03
2.407117207366521143e+03
2.425376259469858269e+03
2.455506312351894849e+03
2.473408174968296862e+03
2.497077692023217878e+03
2.549530790165124017e+03
2.572500000000000000e+03
2.612210175311321109e+03
2.684399606988497908e+03
2.749354151432660274e+03
2.765354407666402494e+03
2.765354407666402494e+03
2.791817732231099399e+03
2.828450459173714989e+03
2.854328861571490506e+03
2.874863866342196161e+03
2.930593284643913194e+03
2.995118737212266296e+03
3.067885265129712025e+03
3.091760218710371191e+03
3.105997102381134482e+03
3.129581321838434178e+03
3.148321497242618079e+03
3.162303748851460568e+03
3.203884400224203091e+03
3.253983712313262913e+03
3.312215157564496621e+03
3.378158226016064418e+03
3.451370923270925687e+03
