2.425376259469858269e+02
3.834856581412140031e+02
3.834856581412140031e+02
4.850752518939716538e+02
5.423306187188770764e+02
5.423306187188770764e+02
6.183520437420742155e+02
6.183520437420742155e+02
7.071126147934287474e+02
7.071126147934287474e+02
7.276128778409574807e+02
7.669713162824280062e+02
7.669713162824280062e+02
8.575000000000001137e+02
8.575000000000001137e+02
8.744818465811625856e+02
8.744818465811625856e+02
9.235557644235675525e+02
9.235557644235675525e+02
9.701505037879433075e+02
1.000008249965969185e+03
1.000008249965969185e+03
1.043193773946144574e+03
1.043193773946144574e+03
1.084661237437754153e+03
1.084661237437754153e+03
1.098135806719733637e+03
1.098135806719733637e+03
1.150456974423641896e+03
1.150456974423641896e+03
1.212688129734929134e+03
1.212688129734929134e+03
1.212688129734929134e+03
1.236704087484148431e+03
1.236704087484148431e+03
1.248538846011608939e+03
1.248538846011608939e+03
1.306105087655660554e+03
1.306105087655660554e+03
1.339457819417991232e+03
1.339457819417991232e+03
1.382677203833201247e+03
1.382677203833201247e+03
1.382677203833201247e+03
1.382677203833201247e+03
1.414225229586857495e+03
1.414225229586857495e+03
1.455225755681914961e+03
1.465296642321956597e+03
1.465296642321956597e+03
1.475298783297810587e+03
1.475298783297810587e+03
1.533942632564856012e+03
1.533942632564856012e+03
1.552998551190567241e+03
1.552998551190567241e+03
1.581151874425730284e+03
1.581151874425730284e+03
1.581151874425730284e+03
1.581151874425730284e+03
1.617927764147707649e+03
1.617927764147707649e+03
1.626991856156631457e+03
1.626991856156631457e+03
1.689079113008032209e+03
1.689079113008032209e+03
1.697763381628900788e+03
1.715000000000000227e+03
1.715000000000000227e+03
1.765700569179270815e+03
1.765700569179270815e+03
1.823070006883992846e+03
1.823070006883992846e+03
1.855056131226222760e+03
1.855056131226222760e+03
1.940301007575886615e+03
1.955400854045021788e+03
1.955400854045021788e+03
2.065133470262878745e+03
2.065133470262878745e+03
2.182838633522872442e+03
