1.616917506313238846e+03
2.556571054274760172e+03
2.556571054274760172e+03
3.233835012626477692e+03
3.615537458125847479e+03
3.615537458125847479e+03
4.122346958280494619e+03
4.122346958280494619e+03
4.714084098622858619e+03
4.714084098622858619e+03
4.850752518939716538e+03
5.113142108549520344e+03
5.113142108549520344e+03
5.716666666666666970e+03
5.716666666666666970e+03
5.829878977207751632e+03
5.829878977207751632e+03
6.157038429490450653e+03
6.157038429490450653e+03
6.467670025252955384e+03
6.666721666439794717e+03
6.666721666439794717e+03
6.954625159640964739e+03
6.954625159640964739e+03
7.231074916251694958e+03
7.231074916251694958e+03
7.320905378131557882e+03
7.320905378131557882e+03
7.669713162824279607e+03
7.669713162824279607e+03
8.084587531566194230e+03
8.084587531566194230e+03
8.084587531566194230e+03
8.244693916560989237e+03
8.244693916560989237e+03
8.323592306744061716e+03
8.323592306744061716e+03
8.707367251037736423e+03
8.707367251037736423e+03
8.929718796119943363e+03
8.929718796119943363e+03
9.217848025554676497e+03
9.217848025554676497e+03
9.217848025554676497e+03
9.217848025554676497e+03
9.428168197245717238e+03
9.428168197245717238e+03
9.701505037879433075e+03
9.768644282146378828e+03
9.768644282146378828e+03
9.835325221985405733e+03
9.835325221985405733e+03
1.022628421709904069e+04
1.022628421709904069e+04
1.035332367460378009e+04
1.035332367460378009e+04
1.054101249617153553e+04
1.054101249617153553e+04
1.054101249617153553e+04
1.054101249617153553e+04
1.078618509431805069e+04
1.078618509431805069e+04
1.084661237437754244e+04
1.084661237437754244e+04
1.126052742005354776e+04
1.126052742005354776e+04
1.131842254419267192e+04
1.143333333333333394e+04
1.143333333333333394e+04
1.177133712786180513e+04
1.177133712786180513e+04
1.215380004589328200e+04
1.215380004589328200e+04
1.236704087484148477e+04
1.236704087484148477e+04
1.293534005050591077e+04
1.303600569363348040e+04
1.303600569363348040e+04
1.376755646841919406e+04
1.376755646841919406e+04
1.455225755681914961e+04
