1.278285527137380086e+03
1.616917506313238846e+03
2.061173479140247309e+03
2.357042049311429309e+03
2.556571054274760172e+03
2.556571054274760172e+03
2.858333333333333485e+03
3.078519214745225327e+03
3.233835012626477692e+03
3.477312579820482370e+03
3.615537458125847479e+03
3.615537458125847479e+03
3.660452689065778941e+03
3.834856581412139803e+03
4.122346958280494619e+03
4.122346958280494619e+03
4.161796153372030858e+03
4.464859398059971682e+03
4.608924012777338248e+03
4.608924012777338248e+03
4.714084098622858619e+03
4.714084098622858619e+03
4.850752518939716538e+03
4.884322141073189414e+03
5.113142108549520344e+03
5.113142108549520344e+03
5.270506248085767766e+03
5.270506248085767766e+03
5.393092547159025344e+03
5.630263710026773879e+03
5.716666666666666970e+03
5.716666666666666970e+03
5.745178896740777418e+03
5.829878977207751632e+03
5.968375220927198825e+03
6.076900022946641002e+03
6.157038429490450653e+03
6.183520437420742383e+03
6.391427635686899521e+03
6.467670025252955384e+03
6.666721666439794717e+03
6.883778234209596121e+03
6.883778234209597031e+03
6.954625159640964739e+03
6.978080960327767571e+03
7.071126147934289293e+03
7.231074916251694958e+03
7.320905378131557882e+03
7.431666666666667879e+03
7.669713162824279607e+03
7.690988413577138090e+03
7.941847147302139092e+03
8.023724024555073811e+03
8.084587531566194230e+03
8.185021041172983132e+03
8.244693916560989237e+03
8.323592306744061716e+03
8.498435967217081270e+03
8.575000000000000000e+03
8.707367251037736423e+03
8.947998689961659693e+03
9.164513838108867276e+03
9.217848025554676497e+03
9.217848025554676497e+03
9.306059107437000421e+03
9.428168197245717238e+03
9.514429538571635931e+03
9.582879554473987810e+03
9.768644282146378828e+03
9.983729124040888564e+03
1.022628421709904069e+04
1.030586739570123609e+04
1.035332367460378009e+04
1.043193773946144756e+04
1.049440499080872905e+04
1.054101249617153553e+04
1.067961466741401091e+04
1.084661237437754244e+04
1.104071719188165480e+04
1.126052742005354776e+04
1.150456974423641805e+04
