8.575000000000000000e+02
1.715000000000000000e+03
2.229500000000000455e+03
2.915500000000000000e+03
3.430000000000000000e+03
4.287500000000000000e+03
4.459000000000000909e+03
4.973500000000000000e+03
5.831000000000000000e+03
6.345500000000000000e+03
6.860000000000000000e+03
7.031499999999999091e+03
7.717500000000000909e+03
8.918000000000001819e+03
9.089500000000000000e+03
9.947000000000000000e+03
1.046150000000000000e+04
1.114749999999999818e+04
1.251950000000000000e+04
1.269100000000000000e+04
1.372000000000000000e+04
1.526350000000000182e+04
1.663550000000000000e+04
1.817900000000000000e+04
2.143750000000000000e+04
