4.287500000000000000e+02
8.575000000000000000e+02
1.114750000000000227e+03
1.457750000000000000e+03
1.715000000000000000e+03
2.143750000000000000e+03
2.229500000000000455e+03
2.486750000000000000e+03
2.915500000000000000e+03
3.172750000000000000e+03
3.430000000000000000e+03
3.515749999999999545e+03
3.858750000000000455e+03
4.459000000000000909e+03
4.544750000000000000e+03
4.973500000000000000e+03
5.230750000000000000e+03
5.573749999999999091e+03
6.259750000000000000e+03
6.345500000000000000e+03
6.860000000000000000e+03
7.631750000000000909e+03
8.317750000000000000e+03
9.089500000000000000e+03
1.071875000000000000e+04
