1.429166666666666742e+03
2.858333333333333485e+03
3.715833333333333030e+03
4.859166666666666970e+03
5.716666666666666970e+03
7.145833333333333030e+03
7.431666666666666060e+03
8.289166666666667879e+03
9.718333333333333940e+03
1.057583333333333576e+04
1.143333333333333394e+04
1.171916666666666788e+04
1.286250000000000000e+04
1.486333333333333212e+04
1.514916666666666606e+04
1.657833333333333576e+04
1.743583333333333212e+04
1.857916666666666788e+04
2.086583333333333576e+04
2.115166666666667152e+04
2.286666666666666788e+04
2.543916666666666788e+04
2.772583333333333212e+04
3.029833333333333212e+04
3.572916666666667152e+04
