2.858333333333333485e+03
5.716666666666666970e+03
7.431666666666666060e+03
9.718333333333333940e+03
1.143333333333333394e+04
1.429166666666666606e+04
1.486333333333333212e+04
1.657833333333333576e+04
1.943666666666666788e+04
2.115166666666667152e+04
2.286666666666666788e+04
2.343833333333333576e+04
2.572500000000000000e+04
2.972666666666666424e+04
3.029833333333333212e+04
3.315666666666667152e+04
3.487166666666666424e+04
3.715833333333333576e+04
4.173166666666667152e+04
4.230333333333334303e+04
4.573333333333333576e+04
5.087833333333333576e+04
5.545166666666666424e+04
6.059666666666666424e+04
7.145833333333334303e+04
