-3.340890639521297615e-11
1.534393467181333443e-06
1.566731904200134906e-06
3.098264231466543206e-06
5.962770176321099311e-06
5.966747343188573549e-06
7.351982577781888369e-06
7.665252356616299983e-06
1.185727945430561983e-05
1.243158837159286459e-05
1.269484914190921305e-05
1.411891342941656651e-05
1.412663616222750890e-05
1.807392187848622214e-05
1.885779836587314273e-05
2.030073581267765280e-05
2.037182803231019063e-05
2.145773528469187521e-05
2.234585997999187515e-05
2.470000694419657140e-05
2.633859969359578451e-05
2.633860664162350558e-05
2.777802722839700089e-05
2.839250385193903105e-05
2.971851409824581854e-05
2.976252985385294592e-05
3.173903993142148001e-05
3.327025786043355190e-05
3.368122675205249654e-05
3.463289347686247235e-05
3.471452353853722968e-05
3.477689829939022950e-05
3.580170922801942395e-05
3.710512680418953560e-05
3.817245734645679394e-05
3.886438595100453298e-05
3.962287434510203797e-05
4.074366069663886423e-05
4.074366532865734042e-05
4.074366532865734042e-05
4.074366996067582339e-05
4.074366996067582339e-05
4.074367459269429958e-05
4.074368848874974171e-05
4.184212535112009207e-05
4.264648462422600110e-05
4.356599587674714319e-05
4.426600503753341874e-05
4.576330501122497185e-05
4.666583991601655360e-05
4.671046478205381856e-05
4.696142291128702436e-05
4.787106333242707420e-05
4.817268647979559452e-05
5.058136851357571595e-05
5.166994380860193999e-05
5.176878181893026376e-05
5.297687708679844226e-05
5.428516291439113765e-05
5.514867769550637608e-05
5.514875643982053910e-05
5.807356576476402186e-05
5.864917743724879325e-05
6.073969538566796871e-05
6.111545398881045293e-05
6.177913422865731572e-05
6.226043800488730050e-05
6.535070302993987621e-05
6.736078597745215465e-05
6.744804394158022813e-05
6.847783429007554335e-05
7.015468982812960211e-05
7.183339354155721308e-05
7.313751055251782596e-05
7.552061458025084869e-05
7.603262863900388246e-05
7.711390387290546896e-05
7.952552260640196919e-05
8.053455224806948393e-05
8.450338611429761260e-05
8.455472740713100674e-05
