1.162316321308583516e-09
6.819844483141149249e-05
6.963156355704281319e-05
1.377012197466336788e-04
2.650144525129133647e-04
2.651890240253913073e-04
3.267568502030050444e-04
3.406795119574475544e-04
5.269908196889524230e-04
5.525155019393086439e-04
5.642162770692179174e-04
6.275090298726722056e-04
6.278483159623024067e-04
8.032870164119916339e-04
8.381233527725184167e-04
9.022541303593919126e-04
9.054149456579149323e-04
9.536765761565653638e-04
9.931504153070701366e-04
1.097780523879794386e-03
1.170604451413228197e-03
1.170607564129646800e-03
1.234579000280804865e-03
1.261888121330433836e-03
1.320824590449873846e-03
1.322779821034544660e-03
1.410624235758351939e-03
1.478677406594172249e-03
1.496940454945205412e-03
1.539240492379231016e-03
1.542867992803660746e-03
1.545639940886742560e-03
1.591187134443759928e-03
1.649117455037027013e-03
1.696550806519140329e-03
1.727304741184343970e-03
1.761017386917746895e-03
1.810829446642055716e-03
1.810829891315829865e-03
1.810830039540421103e-03
1.810830187765012558e-03
1.810830335989603796e-03
1.810830335989603796e-03
1.810830632438786706e-03
1.859648105155048718e-03
1.895400173041017055e-03
1.936266285778195668e-03
1.967376255911853621e-03
2.033924650696155266e-03
2.074035855589521655e-03
2.076019693520325931e-03
2.087174186918766289e-03
2.127603333560606699e-03
2.141007728031347774e-03
2.248064569613869232e-03
2.296444779785610131e-03
2.300836526203108110e-03
2.354528957504712066e-03
2.412674500204638195e-03
2.451055479443022770e-03
2.451060519079129203e-03
2.581051410560309713e-03
2.606630528291844270e-03
2.699543334692721883e-03
2.716245578096701530e-03
2.745738121489405079e-03
2.767130783862479289e-03
2.904467389642433322e-03
2.993811837230835743e-03
2.997694728626184094e-03
3.043458181862000473e-03
3.117989656687937365e-03
3.192601172793210068e-03
3.250561434753932409e-03
3.356472352020625424e-03
3.379229866430971327e-03
3.427295840469022411e-03
3.534479414077158939e-03
3.579336918610564154e-03
3.755704913135804283e-03
3.758001801403567169e-03
