4.522545996680177642e-11
1.722813151608507581e-05
6.622766919272131164e-05
6.890099697034333850e-05
8.616059262995909198e-05
1.343100078489106828e-04
1.404561220017086878e-04
2.075645092921803213e-04
2.267738419625496668e-04
2.651333656913344434e-04
2.795565818908102534e-04
2.960654107311348456e-04
3.137658541175754150e-04
3.300931263615540859e-04
3.781811858637182454e-04
3.898709182615710624e-04
4.028709560470738072e-04
4.333106175224398231e-04
4.522205550463295667e-04
4.579065615394625559e-04
4.852814572515089047e-04
5.098047712187636421e-04
5.209503711417224486e-04
5.559135506963082179e-04
5.755563476560450822e-04
5.795449231850354497e-04
6.264075729342528237e-04
6.501254344720403628e-04
6.975384791851369252e-04
7.011741319620916910e-04
7.228498291923737438e-04
7.863217484706382055e-04
8.657675355109237247e-04
9.084799337581216192e-04
9.122936042693034330e-04
9.533864265189720194e-04
9.633953661630626809e-04
1.006070485925532635e-03
1.007931668006983601e-03
1.053849571267000433e-03
1.131769830812976710e-03
1.207560769991726079e-03
1.253484972796875627e-03
1.256987223441603536e-03
1.303823822718888853e-03
1.306429314585869951e-03
1.352673608396068317e-03
1.358584063976672838e-03
1.404978953971695995e-03
1.475115717888307544e-03
1.529936879453141791e-03
1.560966067184506876e-03
1.567616015251422062e-03
1.617742459334011937e-03
1.633227482393717319e-03
1.680816617921353315e-03
1.690975634964199219e-03
1.717772714162964232e-03
1.740107936712516649e-03
1.748192402374643996e-03
1.793516517921660194e-03
1.796529182741115477e-03
1.819190351167075496e-03
1.837201269488199879e-03
1.861476307264921552e-03
1.886684270619682496e-03
1.898190945647201941e-03
1.939188681821511035e-03
1.962435337383355415e-03
1.964678271899862085e-03
2.000805644451161738e-03
2.029726485594977783e-03
2.045059430223944690e-03
2.110689425440160326e-03
2.113673038239708649e-03
2.173414663339433110e-03
2.175758538802658165e-03
2.216961566036005325e-03
2.248913748297788270e-03
2.398526314734436646e-03
2.398590495982496750e-03
