-2.056265487165594448e-11
1.550500732443562913e-06
5.960459957104150589e-06
6.201071894059751949e-06
7.754419291360489200e-06
1.208785554422178077e-05
1.264105751129983834e-05
1.868077304160538956e-05
2.040956740287678617e-05
2.386197058073110885e-05
2.516007291569530478e-05
2.664581137126053947e-05
2.823886674698191217e-05
2.970835608171896523e-05
3.403620843630249666e-05
3.508838301410286938e-05
3.625834055781516782e-05
3.899792704378575068e-05
4.069980937768777378e-05
4.121153625129503974e-05
4.367530224884048939e-05
4.588236178221892091e-05
4.688546244023190278e-05
5.003217324248294544e-05
5.180008499981875994e-05
5.215901084780456772e-05
5.637667211476505837e-05
5.851129614315172487e-05
6.277849684775686681e-05
6.310568410511703692e-05
6.505645405599166670e-05
7.076892790271990851e-05
7.791900890098667502e-05
8.176320441395234107e-05
8.210636287103189094e-05
8.580467759398534983e-05
8.670547549184689606e-05
9.054635447958080357e-05
9.071377415552546192e-05
9.484642398732070904e-05
1.018591887977449904e-04
1.086803455317215581e-04
1.128135419416974701e-04
1.131288156475268331e-04
1.173440914249700726e-04
1.175785919925434919e-04
1.217405347092068808e-04
1.222725220316461120e-04
1.264480550905300988e-04
1.327603938585048883e-04
1.376943087750613734e-04
1.404868600763426074e-04
1.410853261280081933e-04
1.455966712626623237e-04
1.469903715110279963e-04
1.512733951907611646e-04
1.521877556387324110e-04
1.545994901726909312e-04
1.566095823842401891e-04
1.573371427909460744e-04
1.614165058821462871e-04
1.616875530755276899e-04
1.637269196438711442e-04
1.653478852469443398e-04
1.675326786674889549e-04
1.698015339594103744e-04
1.708370865388949102e-04
1.745268598197710619e-04
1.766190499268615655e-04
1.768210244606677509e-04
1.800725346810309836e-04
1.826753399772935321e-04
1.840553479790320627e-04
1.899617273833741472e-04
1.902308106009199644e-04
1.956072500349910427e-04
1.958175622020613931e-04
1.995268084886278799e-04
2.024022914487768059e-04
2.158671615527943475e-04
2.158728681995618402e-04
