4.271344959668740790e-12
1.534430233828019130e-06
3.098246861397242665e-06
5.962824602538240302e-06
7.352006895878908703e-06
1.185728987634720143e-05
1.243156173748660446e-05
1.411892269345352567e-05
1.807389292837072053e-05
2.030074970873309154e-05
2.145772138863643648e-05
2.470004168433516994e-05
2.633861358965122325e-05
2.777802028036927982e-05
2.976254374990838466e-05
3.173903529940300382e-05
3.368115032374757500e-05
3.463295600911195176e-05
3.580169069994550564e-05
3.817242492232743350e-05
3.886433963081973041e-05
4.074367459269429958e-05
4.074367922471278255e-05
4.074368848874974171e-05
4.184208366295377247e-05
4.356599587674714319e-05
4.426595408533013319e-05
4.666579359583175103e-05
4.696140438321310604e-05
4.817264015961079195e-05
5.166988822438017825e-05
5.297684929468756478e-05
5.514872864770965484e-05
5.807371398935538197e-05
5.864907553284222895e-05
6.177912033260188037e-05
6.226033610048074297e-05
6.744825701443032267e-05
6.847769069750265266e-05
7.183349544596378416e-05
7.313743180820365616e-05
7.603266569515171910e-05
7.952568009503029522e-05
8.053471900073476235e-05
8.455494047998108774e-05
