-8.804416770151775923e-11
6.819712007412617684e-05
1.377006083201943066e-04
2.650143413444698277e-04
3.267539968796212709e-04
5.269897821168128887e-04
5.525148719847953940e-04
6.275077699636455973e-04
8.032851636045995310e-04
9.022531668995481058e-04
9.536782066270702843e-04
1.097781190890455500e-03
1.170605192536184821e-03
1.234579444954579013e-03
1.322778635237813888e-03
1.410624976881308780e-03
1.496940306720613957e-03
1.539242271074327392e-03
1.591186837994577235e-03
1.696553178112602091e-03
1.727304148285978584e-03
1.810830335989603796e-03
1.810830484214195251e-03
1.810830780663377944e-03
1.859648698053414104e-03
1.936266434002787123e-03
1.967375959462670711e-03
2.074037189610843882e-03
2.087174483367948766e-03
2.141006097560843070e-03
2.296441074170825925e-03
2.354530291526034293e-03
2.451057554587301839e-03
2.581052299907858009e-03
2.606623117062275858e-03
2.745742864676328603e-03
2.767130783862479289e-03
2.997689688990077660e-03
3.043453142225894040e-03
3.192598208301382703e-03
3.250551948380085363e-03
3.379231348676885009e-03
3.534477042483697394e-03
3.579330396728544039e-03
3.757995279521547487e-03
