7.696400088742892035e-12
6.137661877076455102e-06
1.239300944767675120e-05
2.385121040180184242e-05
2.940793725915527115e-05
4.742905760098224140e-05
4.972628863811273745e-05
5.647571393390650397e-05
7.229569677798184095e-05
8.120273944189748260e-05
8.583091334665663016e-05
9.880021305752548233e-05
1.053544173024570564e-04
1.111120996495510512e-04
1.190502491119292255e-04
1.269561967818337838e-04
1.347246939353599052e-04
1.385317499241521338e-04
1.432067350076711518e-04
1.526895514647183603e-04
1.554573770513528535e-04
1.629746057304075932e-04
1.629746983707771983e-04
1.629746983707771983e-04
1.673683531798889946e-04
1.742639835069885728e-04
1.770638163413205328e-04
1.866631929114009360e-04
1.878455990047784923e-04
1.926907088630345414e-04
2.066798308186295285e-04
2.119076565717851427e-04
2.205951183996517615e-04
2.322946336205344809e-04
2.345962836032950110e-04
2.471162775215943793e-04
2.490415482107360599e-04
2.697922684066905176e-04
2.739109851268976847e-04
2.873334815258592472e-04
2.925500051539234401e-04
3.041301254664631774e-04
3.181022015940514138e-04
3.221386536660520296e-04
3.382193172461503113e-04
