-2.201104192537943981e-11
1.704928001853154421e-05
3.442515208004857664e-05
6.625358533611745693e-05
8.168849921990531773e-05
1.317474455292032222e-04
1.381287179961988485e-04
1.568769424909113993e-04
2.008212909011498828e-04
2.255632917248870265e-04
2.384195516567675711e-04
2.744452977226138749e-04
2.926512981340462054e-04
3.086448612386447532e-04
3.306946588094534720e-04
3.526562442203271951e-04
3.742350766801534894e-04
3.848105677685818480e-04
3.977967094986443086e-04
4.241382945281505228e-04
4.318260370714946460e-04
4.527075839974009489e-04
4.527076210535488127e-04
4.527076951658444860e-04
4.649121745133535260e-04
4.840666085006967807e-04
4.918439898656676778e-04
5.185092974027109705e-04
5.217936208419871914e-04
5.352515243902107676e-04
5.741102685427064813e-04
5.886325728815085733e-04
6.127643886468254596e-04
6.452630749769645022e-04
6.516557792655689645e-04
6.864357161690821506e-04
6.917826959656198224e-04
7.494224222475194151e-04
7.608632855564735099e-04
7.981495520753456759e-04
8.126379870950213406e-04
8.448078371692212523e-04
8.836192606209243485e-04
8.948325991821360096e-04
9.394988198803868717e-04
