-2.539936453104019165e-02
5.261430358886718750e+01
5.268344116210937500e+01
1.448693389892578125e+02
1.448826446533203125e+02
2.252594757080078125e+02
2.733192749023437500e+02
2.734592590332031250e+02
4.326210327148437500e+02
4.354372253417968750e+02
4.365874023437500000e+02
4.370356445312500000e+02
6.339769287109375000e+02
6.341126098632812500e+02
6.821842651367187500e+02
6.840560302734375000e+02
7.239984130859375000e+02
8.634717407226562500e+02
8.653679809570312500e+02
9.670388183593750000e+02
9.682048950195312500e+02
1.081060791015625000e+03
1.095741821289062500e+03
1.126791870117187500e+03
1.127883666992187500e+03
1.284346069335937500e+03
1.286843750000000000e+03
1.420457519531250000e+03
1.423129150390625000e+03
1.428210205078125000e+03
1.479237792968750000e+03
1.480178833007812500e+03
1.633129638671875000e+03
1.639217529296875000e+03
1.745150512695312500e+03
1.751195800781250000e+03
1.858764282226562500e+03
1.889138305664062500e+03
1.899982788085937500e+03
1.954988647460937500e+03
2.019578735351562500e+03
2.024381591796875000e+03
2.098226562500000000e+03
2.113184570312500000e+03
2.369872070312500000e+03
2.385174316406250000e+03
2.400196777343750000e+03
2.443105957031250000e+03
2.447636474609375000e+03
2.492050781250000000e+03
2.496205078125000000e+03
2.638333984375000000e+03
2.642610107421875000e+03
2.856944824218750000e+03
2.888153076171875000e+03
2.899362548828125000e+03
2.915224365234375000e+03
2.918135986328125000e+03
2.923150390625000000e+03
2.944151123046875000e+03
3.105820800781250000e+03
3.315839355468750000e+03
3.348703613281250000e+03
3.365340576171875000e+03
3.369787353515625000e+03
3.386022460937500000e+03
3.414686035156250000e+03
3.506317626953125000e+03
3.541379150390625000e+03
3.575987792968750000e+03
3.732460937500000000e+03
3.746822753906250000e+03
3.758335937500000000e+03
3.798242187500000000e+03
3.820339111328125000e+03
3.833610107421875000e+03
3.853157226562500000e+03
3.891304199218750000e+03
3.911562500000000000e+03
3.917365966796875000e+03
3.974255615234375000e+03
4.015441650390625000e+03
4.019922607421875000e+03
4.096718261718750000e+03
4.110794433593750000e+03
4.167326171875000000e+03
4.182046875000000000e+03
4.316983398437500000e+03
4.356315429687500000e+03
4.459978027343750000e+03
4.477844726562500000e+03
4.493437500000000000e+03
4.514279785156250000e+03
4.527507812500000000e+03
4.567640136718750000e+03
4.590398437500000000e+03
4.631667480468750000e+03
4.731886230468750000e+03
4.746389160156250000e+03
4.833704589843750000e+03
4.852859375000000000e+03
4.867237304687500000e+03
4.901187988281250000e+03
4.926701171875000000e+03
4.929558105468750000e+03
4.972774902343750000e+03
5.025296386718750000e+03
5.087467773437500000e+03
5.100985351562500000e+03
5.167087890625000000e+03
5.205493164062500000e+03
5.321995117187500000e+03
5.349441894531250000e+03
5.396481445312500000e+03
5.424587402343750000e+03
5.443769042968750000e+03
5.459381347656250000e+03
5.501887207031250000e+03
5.515549316406250000e+03
5.554639648437500000e+03
5.653485351562500000e+03
5.673480468750000000e+03
5.713312988281250000e+03
5.763367187500000000e+03
5.836056640625000000e+03
5.893162109375000000e+03
5.969933593750000000e+03
6.004673339843750000e+03
6.049739257812500000e+03
6.093206542968750000e+03
6.146344238281250000e+03
6.213152832031250000e+03
6.227789062500000000e+03
6.263839355468750000e+03
6.331875000000000000e+03
6.425447265625000000e+03
6.467738769531250000e+03
6.570098144531250000e+03
6.612185058593750000e+03
6.658125488281250000e+03
6.783276367187500000e+03
6.818828613281250000e+03
6.831598144531250000e+03
6.881015136718750000e+03
6.890285156250000000e+03
6.955158203125000000e+03
6.995542968750000000e+03
7.123456542968750000e+03
7.177819824218750000e+03
7.224630371093750000e+03
7.292520996093750000e+03
7.332521972656250000e+03
7.371681152343750000e+03
7.396571777343750000e+03
7.436003906250000000e+03
7.475450195312500000e+03
7.506579589843750000e+03
7.527175781250000000e+03
7.734498046875000000e+03
7.794941894531250000e+03
7.887195800781250000e+03
7.927851074218750000e+03
7.947111816406250000e+03
8.032544921875000000e+03
8.059967773437500000e+03
8.074627441406250000e+03
8.102251953125000000e+03
8.211393554687500000e+03
8.333806640625000000e+03
8.371072265625000000e+03
8.456477539062500000e+03
8.502869140625000000e+03
8.557094726562500000e+03
8.568084960937500000e+03
8.582988281250000000e+03
8.629676757812500000e+03
8.705601562500000000e+03
8.750706054687500000e+03
8.818533203125000000e+03
8.875759765625000000e+03
8.914042968750000000e+03
8.946657226562500000e+03
9.007418945312500000e+03
9.031249023437500000e+03
9.102322265625000000e+03
9.164815429687500000e+03
9.247640625000000000e+03
9.293712890625000000e+03
9.339869140625000000e+03
9.391173828125000000e+03
9.484330078125000000e+03
9.605475585937500000e+03
9.654629882812500000e+03
9.671528320312500000e+03
9.808181640625000000e+03
9.879908203125000000e+03
9.913479492187500000e+03
9.964460937500000000e+03
1.003028906250000000e+04
1.007684472656250000e+04
1.013735937500000000e+04
1.021739746093750000e+04
1.024436914062500000e+04
1.026153808593750000e+04
1.039974902343750000e+04
1.052590039062500000e+04
1.054516992187500000e+04
1.060711621093750000e+04
1.068451074218750000e+04
1.070039062500000000e+04
1.073170214843750000e+04
1.076763281250000000e+04
1.087230957031250000e+04
1.097029101562500000e+04
1.099136621093750000e+04
1.104628320312500000e+04
1.105176269531250000e+04
1.111781640625000000e+04
1.115551953125000000e+04
1.124559960937500000e+04
1.131928613281250000e+04
1.136927148437500000e+04
1.140977441406250000e+04
1.148388378906250000e+04
1.151747265625000000e+04
1.161449121093750000e+04
1.162070214843750000e+04
1.171177246093750000e+04
1.176752929687500000e+04
1.188849023437500000e+04
1.197129980468750000e+04
1.200731835937500000e+04
1.210233691406250000e+04
1.234681542968750000e+04
1.237741308593750000e+04
1.243906054687500000e+04
1.256530957031250000e+04
1.263530761718750000e+04
1.264360937500000000e+04
1.268981933593750000e+04
1.279025585937500000e+04
1.282574804687500000e+04
1.285628613281250000e+04
1.290600976562500000e+04
1.305905664062500000e+04
1.311060449218750000e+04
1.317572265625000000e+04
1.318493847656250000e+04
1.320995507812500000e+04
1.327501171875000000e+04
1.327989941406250000e+04
1.331624414062500000e+04
1.336681640625000000e+04
1.341369238281250000e+04
1.348223339843750000e+04
1.356303613281250000e+04
1.363169433593750000e+04
1.369095996093750000e+04
1.373435156250000000e+04
1.380896875000000000e+04
1.398363476562500000e+04
1.399864453125000000e+04
1.404863476562500000e+04
1.411245996093750000e+04
1.411755371093750000e+04
1.420488476562500000e+04
1.437297851562500000e+04
1.442003222656250000e+04
1.450507421875000000e+04
1.452657519531250000e+04
1.463808984375000000e+04
1.464558203125000000e+04
1.476324023437500000e+04
1.479712109375000000e+04
1.501332128906250000e+04
1.504030371093750000e+04
1.508060937500000000e+04
1.514346679687500000e+04
1.520176367187500000e+04
1.532779785156250000e+04
1.543968164062500000e+04
1.546295214843750000e+04
1.559184863281250000e+04
1.564448535156250000e+04
1.567538085937500000e+04
1.590471972656250000e+04
1.598865722656250000e+04
1.603828027343750000e+04
1.608639843750000000e+04
1.620578417968750000e+04
1.624635742187500000e+04
1.633123925781250000e+04
1.634871289062500000e+04
1.640699414062500000e+04
1.645933984375000000e+04
1.649948828125000000e+04
1.658781445312500000e+04
1.664294921875000000e+04
1.671405859375000000e+04
1.684933007812500000e+04
1.688613671875000000e+04
1.697070703125000000e+04
1.700140429687500000e+04
1.715895898437500000e+04
1.725702148437500000e+04
1.740850390625000000e+04
1.742702343750000000e+04
1.759318554687500000e+04
1.762508398437500000e+04
1.773007812500000000e+04
1.780682617187500000e+04
1.784022851562500000e+04
1.790020312500000000e+04
1.790776757812500000e+04
1.810740820312500000e+04
1.813798437500000000e+04
1.823252929687500000e+04
1.826787109375000000e+04
1.835792773437500000e+04
1.857291601562500000e+04
1.865796289062500000e+04
1.868851562500000000e+04
1.879029687500000000e+04
1.890529687500000000e+04
1.896607226562500000e+04
1.897715039062500000e+04
1.902394921875000000e+04
1.908032226562500000e+04
1.918154296875000000e+04
1.925309960937500000e+04
1.927773242187500000e+04
1.934420703125000000e+04
1.946585351562500000e+04
1.947909179687500000e+04
1.963357226562500000e+04
1.985417578125000000e+04
1.992717187500000000e+04
1.995827539062500000e+04
2.001027929687500000e+04
2.014454882812500000e+04
2.017650976562500000e+04
2.027359570312500000e+04
2.041309765625000000e+04
2.046467187500000000e+04
2.057514843750000000e+04
2.067433984375000000e+04
2.072199414062500000e+04
2.085202734375000000e+04
2.092576953125000000e+04
2.098820507812500000e+04
2.107684765625000000e+04
2.115997265625000000e+04
2.120225976562500000e+04
2.126276562500000000e+04
2.136723046875000000e+04
2.142339648437500000e+04
2.171782812500000000e+04
2.174483984375000000e+04
2.185347656250000000e+04
2.192282812500000000e+04
2.198340039062500000e+04
2.207083984375000000e+04
2.210942382812500000e+04
2.215303515625000000e+04
2.222097265625000000e+04
2.231717773437500000e+04
2.234781250000000000e+04
2.243591210937500000e+04
2.248763085937500000e+04
2.251719921875000000e+04
2.261008398437500000e+04
2.273196093750000000e+04
2.283525976562500000e+04
2.287958789062500000e+04
2.291608203125000000e+04
2.294563476562500000e+04
2.302671484375000000e+04
2.310553710937500000e+04
2.314016406250000000e+04
2.323115820312500000e+04
2.331240039062500000e+04
2.338464453125000000e+04
2.347261328125000000e+04
2.357475000000000000e+04
2.387200000000000000e+04
2.393090820312500000e+04
2.398120312500000000e+04
2.410334765625000000e+04
2.412178906250000000e+04
2.421216992187500000e+04
2.427406640625000000e+04
2.445789648437500000e+04
2.450714843750000000e+04
2.462010351562500000e+04
2.466963476562500000e+04
2.472051562500000000e+04
2.480036132812500000e+04
2.490751171875000000e+04
2.493312109375000000e+04
2.515342578125000000e+04
2.533798437500000000e+04
2.537521679687500000e+04
2.546958203125000000e+04
2.557602343750000000e+04
2.563675000000000000e+04
2.577608593750000000e+04
2.582250000000000000e+04
2.584500390625000000e+04
2.589681054687500000e+04
2.597657812500000000e+04
2.600734960937500000e+04
2.606928125000000000e+04
2.609035546875000000e+04
2.610384960937500000e+04
2.623857617187500000e+04
2.626726562500000000e+04
2.636449804687500000e+04
2.644886914062500000e+04
2.647646875000000000e+04
2.656436718750000000e+04
2.663703710937500000e+04
2.667772851562500000e+04
2.671662304687500000e+04
2.678867382812500000e+04
2.688109570312500000e+04
2.697295117187500000e+04
2.703249414062500000e+04
2.705479882812500000e+04
2.711940429687500000e+04
2.717268554687500000e+04
2.729473437500000000e+04
2.747488867187500000e+04
2.749914843750000000e+04
2.764513281250000000e+04
2.772803125000000000e+04
2.781745507812500000e+04
2.789384960937500000e+04
2.797882812500000000e+04
2.803424023437500000e+04
2.809692968750000000e+04
2.823198437500000000e+04
2.833828320312500000e+04
2.846334960937500000e+04
2.857137500000000000e+04
2.870920898437500000e+04
2.875080468750000000e+04
2.883841796875000000e+04
2.890198046875000000e+04
2.893681835937500000e+04
2.915651562500000000e+04
2.922059960937500000e+04
2.931562695312500000e+04
2.938643945312500000e+04
2.948336914062500000e+04
2.954968164062500000e+04
2.962635156250000000e+04
2.969571484375000000e+04
2.995524414062500000e+04
3.004196875000000000e+04
3.016261914062500000e+04
3.021030664062500000e+04
3.028122265625000000e+04
3.031716601562500000e+04
3.039673242187500000e+04
3.058170312500000000e+04
3.066248242187500000e+04
3.071954296875000000e+04
3.081158789062500000e+04
3.104553710937500000e+04
3.109583203125000000e+04
3.135487304687500000e+04
3.137668554687500000e+04
3.144608007812500000e+04
3.155357226562500000e+04
3.160884375000000000e+04
3.169915820312500000e+04
3.198987500000000000e+04
3.209414257812500000e+04
3.218201953125000000e+04
3.246988281250000000e+04
3.250736914062500000e+04
3.263462890625000000e+04
3.268392187500000000e+04
3.276350585937500000e+04
3.284115234375000000e+04
3.297095312500000000e+04
3.307469531250000000e+04
3.309873437500000000e+04
3.318977343750000000e+04
3.322412109375000000e+04
3.341233203125000000e+04
3.348555859375000000e+04
3.355788671875000000e+04
3.360637890625000000e+04
3.367360546875000000e+04
3.377128906250000000e+04
3.386311718750000000e+04
3.388132421875000000e+04
3.408200781250000000e+04
3.410658593750000000e+04
3.432461328125000000e+04
3.439902343750000000e+04
3.454287500000000000e+04
3.461327343750000000e+04
3.469755468750000000e+04
3.475979687500000000e+04
3.476576953125000000e+04
3.480322265625000000e+04
3.489719531250000000e+04
3.501175781250000000e+04
3.512604296875000000e+04
3.521823828125000000e+04
3.534855078125000000e+04
3.547791015625000000e+04
3.556230468750000000e+04
3.563794140625000000e+04
3.582278515625000000e+04
3.588022265625000000e+04
3.596825781250000000e+04
3.599947265625000000e+04
3.606872656250000000e+04
3.611745312500000000e+04
3.655150390625000000e+04
3.666751953125000000e+04
3.670224218750000000e+04
3.689967968750000000e+04
3.698867187500000000e+04
3.705432812500000000e+04
3.722230078125000000e+04
3.725271875000000000e+04
3.738838281250000000e+04
3.749023828125000000e+04
3.754288671875000000e+04
3.790338671875000000e+04
3.796471093750000000e+04
3.804970312500000000e+04
3.814599609375000000e+04
3.833039062500000000e+04
3.847685937500000000e+04
3.864042187500000000e+04
3.865728906250000000e+04
3.884903515625000000e+04
3.894307421875000000e+04
3.901735937500000000e+04
3.910710156250000000e+04
3.930491015625000000e+04
3.941637890625000000e+04
3.946305078125000000e+04
3.959618359375000000e+04
3.970692578125000000e+04
3.973650000000000000e+04
3.989457031250000000e+04
4.000551562500000000e+04
4.014552343750000000e+04
4.031407031250000000e+04
4.049533984375000000e+04
4.053088671875000000e+04
4.054637500000000000e+04
4.065977343750000000e+04
4.070348437500000000e+04
4.084788281250000000e+04
4.099779296875000000e+04
4.101664843750000000e+04
4.108537500000000000e+04
4.111668750000000000e+04
4.116423437500000000e+04
4.125215234375000000e+04
4.131687500000000000e+04
4.140301562500000000e+04
4.152196875000000000e+04
4.165869921875000000e+04
4.167861718750000000e+04
4.174417578125000000e+04
4.199955468750000000e+04
4.207058984375000000e+04
4.223387500000000000e+04
4.232301562500000000e+04
4.249674609375000000e+04
4.260905859375000000e+04
4.273637890625000000e+04
4.277534765625000000e+04
4.279792578125000000e+04
4.284531640625000000e+04
4.292196875000000000e+04
4.305456250000000000e+04
4.321366015625000000e+04
4.322025390625000000e+04
4.336915234375000000e+04
4.345035156250000000e+04
4.348172265625000000e+04
4.351248437500000000e+04
4.356082421875000000e+04
4.397922656250000000e+04
4.403831640625000000e+04
4.424356250000000000e+04
4.434023437500000000e+04
4.435716796875000000e+04
4.442793359375000000e+04
4.460547265625000000e+04
4.478193359375000000e+04
4.484398828125000000e+04
4.496067968750000000e+04
4.520076953125000000e+04
4.530816015625000000e+04
4.536028125000000000e+04
4.543058984375000000e+04
4.544977343750000000e+04
4.550044921875000000e+04
4.573239843750000000e+04
4.580755078125000000e+04
4.588753125000000000e+04
4.603751953125000000e+04
4.611444531250000000e+04
4.620417968750000000e+04
4.630223828125000000e+04
4.674166406250000000e+04
4.681194140625000000e+04
4.689078515625000000e+04
4.693382812500000000e+04
4.694648828125000000e+04
4.707097265625000000e+04
4.710489453125000000e+04
4.717959375000000000e+04
4.731382421875000000e+04
4.735965234375000000e+04
4.745804296875000000e+04
4.755953906250000000e+04
4.759067187500000000e+04
4.780440234375000000e+04
4.787264453125000000e+04
4.794221484375000000e+04
4.799454296875000000e+04
4.803964062500000000e+04
4.810186328125000000e+04
4.820130078125000000e+04
4.830813671875000000e+04
4.842755859375000000e+04
4.852624218750000000e+04
4.869884375000000000e+04
4.872364062500000000e+04
4.891075000000000000e+04
4.907649218750000000e+04
4.919154687500000000e+04
4.940416406250000000e+04
4.943539453125000000e+04
4.953473046875000000e+04
4.961808984375000000e+04
4.968983984375000000e+04
4.971310937500000000e+04
4.980694921875000000e+04
5.036557031250000000e+04
5.056027343750000000e+04
5.064019140625000000e+04
5.069211718750000000e+04
5.093313281250000000e+04
5.100360156250000000e+04
5.113627343750000000e+04
5.122805078125000000e+04
5.145639453125000000e+04
5.155608203125000000e+04
5.167154687500000000e+04
5.179006640625000000e+04
5.212595312500000000e+04
5.213414062500000000e+04
5.226826562500000000e+04
5.230726953125000000e+04
5.239005468750000000e+04
5.267925000000000000e+04
5.286287500000000000e+04
5.297286718750000000e+04
5.346348046875000000e+04
5.350312500000000000e+04
5.358173046875000000e+04
5.360982421875000000e+04
5.376516015625000000e+04
5.394016015625000000e+04
5.398662890625000000e+04
5.400350781250000000e+04
5.404934765625000000e+04
5.426847656250000000e+04
5.439313281250000000e+04
5.452755859375000000e+04
5.456234765625000000e+04
5.479015625000000000e+04
5.498741015625000000e+04
5.509850781250000000e+04
5.525506640625000000e+04
5.527778515625000000e+04
5.541543750000000000e+04
5.549405468750000000e+04
5.565720312500000000e+04
5.571272265625000000e+04
5.592727343750000000e+04
5.596980468750000000e+04
5.598256640625000000e+04
5.626820312500000000e+04
5.637954687500000000e+04
5.645380078125000000e+04
5.661561328125000000e+04
5.701179687500000000e+04
5.711989843750000000e+04
5.719277734375000000e+04
5.742444921875000000e+04
5.760816015625000000e+04
5.762697656250000000e+04
5.777150390625000000e+04
5.795310156250000000e+04
5.806324218750000000e+04
5.816632031250000000e+04
5.828826562500000000e+04
5.830295703125000000e+04
5.845504687500000000e+04
5.846861328125000000e+04
5.849617578125000000e+04
5.861212109375000000e+04
5.865782421875000000e+04
5.878420703125000000e+04
5.899755859375000000e+04
5.900210546875000000e+04
5.916503125000000000e+04
5.918104296875000000e+04
5.935597656250000000e+04
5.945776953125000000e+04
5.947659765625000000e+04
5.955030859375000000e+04
5.973811718750000000e+04
5.980218359375000000e+04
5.995370312500000000e+04
6.016244140625000000e+04
6.036028906250000000e+04
6.041207421875000000e+04
6.066562500000000000e+04
6.078514062500000000e+04
6.090582812500000000e+04
6.094112890625000000e+04
6.107666406250000000e+04
6.111718359375000000e+04
6.133467968750000000e+04
6.140121093750000000e+04
6.144984375000000000e+04
6.153527734375000000e+04
6.166687109375000000e+04
6.193805078125000000e+04
6.206773046875000000e+04
6.217330859375000000e+04
6.233663281250000000e+04
6.238951953125000000e+04
6.254321093750000000e+04
6.305217578125000000e+04
6.312544531250000000e+04
6.327157812500000000e+04
6.331796093750000000e+04
6.346044531250000000e+04
6.349780859375000000e+04
6.354964453125000000e+04
6.360156250000000000e+04
6.369725390625000000e+04
6.378719531250000000e+04
6.380651562500000000e+04
6.389540234375000000e+04
6.401184765625000000e+04
6.402060937500000000e+04
6.402849218750000000e+04
6.425088671875000000e+04
6.430329687500000000e+04
6.508003906250000000e+04
6.527208984375000000e+04
6.530470703125000000e+04
6.563977343750000000e+04
6.568042187500000000e+04
6.577007031250000000e+04
6.596003906250000000e+04
6.609968750000000000e+04
6.613127343750000000e+04
6.614033593750000000e+04
6.628804687500000000e+04
6.633275781250000000e+04
6.653545312500000000e+04
6.654378125000000000e+04
6.665156250000000000e+04
6.673545312500000000e+04
6.679845312500000000e+04
6.685984375000000000e+04
6.704367968750000000e+04
6.718389843750000000e+04
6.733849218750000000e+04
6.744939062500000000e+04
6.768758593750000000e+04
6.769287500000000000e+04
6.773208593750000000e+04
6.776577343750000000e+04
6.781313281250000000e+04
6.787954687500000000e+04
6.798085937500000000e+04
6.809675781250000000e+04
6.853631250000000000e+04
6.893873437500000000e+04
6.940252343750000000e+04
6.971346875000000000e+04
6.977598437500000000e+04
7.000883593750000000e+04
7.013372656250000000e+04
7.022762500000000000e+04
7.035612500000000000e+04
7.040969531250000000e+04
7.050927343750000000e+04
7.053078125000000000e+04
7.072373437500000000e+04
7.080646875000000000e+04
7.096440625000000000e+04
7.141875781250000000e+04
7.143430468750000000e+04
7.154437500000000000e+04
7.182286718750000000e+04
7.185363281250000000e+04
7.188830468750000000e+04
7.195571875000000000e+04
7.206502343750000000e+04
7.214732812500000000e+04
7.224737500000000000e+04
7.233310937500000000e+04
7.236631250000000000e+04
7.245400000000000000e+04
7.256514062500000000e+04
7.270121875000000000e+04
7.292496093750000000e+04
7.304439062500000000e+04
7.307017968750000000e+04
7.325784375000000000e+04
7.333214062500000000e+04
7.333700000000000000e+04
7.357112500000000000e+04
7.368771093750000000e+04
7.389477343750000000e+04
7.397429687500000000e+04
7.414967187500000000e+04
7.422125781250000000e+04
7.439626562500000000e+04
7.440792187500000000e+04
7.442407812500000000e+04
7.460826562500000000e+04
7.468175781250000000e+04
7.477294531250000000e+04
7.479628906250000000e+04
7.487021093750000000e+04
7.493040625000000000e+04
7.506557031250000000e+04
7.528260156250000000e+04
7.607513281250000000e+04
7.622550000000000000e+04
7.633243750000000000e+04
7.654748437500000000e+04
7.661389843750000000e+04
7.664020312500000000e+04
7.686187500000000000e+04
7.697239843750000000e+04
7.741139062500000000e+04
7.775995312500000000e+04
7.814739062500000000e+04
7.815700781250000000e+04
7.901549218750000000e+04
7.904889843750000000e+04
7.915557812500000000e+04
7.929931250000000000e+04
7.947131250000000000e+04
8.008745312500000000e+04
8.023380468750000000e+04
8.029044531250000000e+04
8.035632031250000000e+04
8.058546875000000000e+04
8.063497656250000000e+04
8.064061718750000000e+04
8.070371093750000000e+04
8.080650000000000000e+04
8.089228906250000000e+04
8.110582812500000000e+04
8.145307031250000000e+04
8.206475781250000000e+04
8.232629687500000000e+04
8.274678906250000000e+04
8.290711718750000000e+04
8.309625000000000000e+04
8.333959375000000000e+04
8.334307812500000000e+04
8.334564843750000000e+04
8.387168750000000000e+04
8.452377343750000000e+04
8.464899218750000000e+04
8.472382812500000000e+04
8.479160156250000000e+04
8.505671093750000000e+04
8.506947656250000000e+04
8.537289843750000000e+04
8.544292187500000000e+04
8.579632812500000000e+04
8.586282812500000000e+04
8.606999218750000000e+04
8.613685156250000000e+04
8.616192187500000000e+04
8.662592187500000000e+04
8.670398437500000000e+04
8.710166406250000000e+04
8.712403906250000000e+04
8.724860156250000000e+04
8.749678906250000000e+04
8.772727343750000000e+04
8.784929687500000000e+04
8.803043750000000000e+04
8.804784375000000000e+04
8.861689843750000000e+04
8.863471093750000000e+04
8.869803125000000000e+04
8.913096875000000000e+04
8.951173437500000000e+04
8.975523437500000000e+04
9.004427343750000000e+04
9.015354687500000000e+04
9.020482812500000000e+04
9.034597656250000000e+04
9.060865625000000000e+04
9.086108593750000000e+04
9.151496875000000000e+04
9.177206250000000000e+04
9.189035937500000000e+04
9.198562500000000000e+04
9.210409375000000000e+04
9.330796875000000000e+04
9.389678125000000000e+04
9.399408593750000000e+04
9.407919531250000000e+04
9.417306250000000000e+04
9.419849218750000000e+04
9.444192187500000000e+04
9.497242968750000000e+04
9.511719531250000000e+04
9.548713281250000000e+04
9.559648437500000000e+04
9.562359375000000000e+04
9.588903906250000000e+04
9.608163281250000000e+04
9.647515625000000000e+04
9.683492187500000000e+04
9.695941406250000000e+04
9.696267187500000000e+04
9.701176562500000000e+04
9.701764843750000000e+04
9.725607031250000000e+04
9.756667187500000000e+04
9.759546875000000000e+04
9.785761718750000000e+04
9.794159375000000000e+04
9.810471875000000000e+04
9.811735937500000000e+04
9.823317968750000000e+04
9.849371093750000000e+04
9.863990625000000000e+04
9.867101562500000000e+04
9.881014062500000000e+04
9.887764062500000000e+04
9.893135156250000000e+04
9.915582031250000000e+04
9.927729687500000000e+04
9.949044531250000000e+04
9.950204687500000000e+04
9.958055468750000000e+04
9.977780468750000000e+04
9.981654687500000000e+04
1.006874453125000000e+05
1.009613203125000000e+05
1.013896796875000000e+05
1.014529140625000000e+05
1.020656171875000000e+05
1.023704609375000000e+05
1.039590468750000000e+05
1.043792656250000000e+05
1.050578906250000000e+05
1.050611406250000000e+05
1.051610468750000000e+05
1.058653203125000000e+05
1.059053515625000000e+05
1.062261250000000000e+05
1.063117031250000000e+05
1.071753593750000000e+05
1.074587343750000000e+05
1.078364062500000000e+05
1.078416171875000000e+05
1.078570468750000000e+05
1.080101406250000000e+05
1.080582343750000000e+05
1.083445156250000000e+05
1.085888828125000000e+05
1.089194218750000000e+05
1.093028203125000000e+05
1.095319531250000000e+05
1.102122890625000000e+05
1.102333515625000000e+05
1.114992421875000000e+05
1.115116406250000000e+05
1.116021015625000000e+05
1.116420234375000000e+05
1.116815859375000000e+05
1.117546875000000000e+05
1.118994062500000000e+05
1.119392031250000000e+05
1.119852812500000000e+05
1.125373281250000000e+05
1.126883359375000000e+05
1.127986640625000000e+05
1.128617187500000000e+05
1.140665000000000000e+05
1.153064843750000000e+05
1.157903515625000000e+05
1.158972109375000000e+05
1.171187031250000000e+05
1.176642968750000000e+05
1.177075312500000000e+05
1.184559687500000000e+05
1.208455859375000000e+05
1.208618906250000000e+05
1.215030078125000000e+05
1.215659140625000000e+05
1.215826406250000000e+05
1.218698125000000000e+05
1.223122812500000000e+05
1.225038437500000000e+05
1.241084140625000000e+05
1.241639765625000000e+05
1.242071796875000000e+05
1.248647890625000000e+05
1.250934062500000000e+05
1.257517109375000000e+05
1.257658125000000000e+05
1.279594296875000000e+05
1.284072265625000000e+05
1.289015078125000000e+05
1.291618984375000000e+05
1.296031250000000000e+05
1.305952265625000000e+05
1.312277656250000000e+05
1.318054218750000000e+05
1.323909062500000000e+05
1.334342812500000000e+05
1.336408593750000000e+05
1.336836093750000000e+05
1.337080937500000000e+05
1.339909218750000000e+05
1.341588125000000000e+05
1.343706875000000000e+05
1.344204687500000000e+05
1.344245937500000000e+05
1.345380625000000000e+05
1.346008750000000000e+05
1.354732031250000000e+05
1.356459687500000000e+05
1.357300625000000000e+05
1.369679218750000000e+05
1.371588437500000000e+05
1.371751250000000000e+05
1.375364843750000000e+05
1.384526718750000000e+05
1.387804843750000000e+05
1.395000468750000000e+05
1.397085625000000000e+05
1.402107812500000000e+05
1.432292187500000000e+05
1.436815000000000000e+05
1.437263125000000000e+05
1.437358906250000000e+05
1.437469843750000000e+05
1.438260312500000000e+05
1.441836093750000000e+05
1.442370781250000000e+05
1.475628281250000000e+05
1.490197812500000000e+05
1.498055781250000000e+05
1.514050468750000000e+05
1.528149218750000000e+05
1.531524531250000000e+05
1.531594843750000000e+05
1.531992812500000000e+05
1.532032500000000000e+05
1.532237656250000000e+05
1.534730468750000000e+05
1.552452968750000000e+05
1.555770000000000000e+05
1.558954218750000000e+05
1.559083437500000000e+05
1.559157343750000000e+05
1.572191562500000000e+05
1.573134843750000000e+05
1.575536093750000000e+05
1.576945625000000000e+05
1.582064062500000000e+05
1.586483750000000000e+05
1.694307343750000000e+05
1.713023593750000000e+05
1.718048281250000000e+05
1.720746562500000000e+05
1.721839375000000000e+05
1.722145312500000000e+05
1.722758906250000000e+05
1.728577031250000000e+05
1.762359375000000000e+05
1.767159375000000000e+05
1.773605156250000000e+05
1.783850156250000000e+05
1.787501562500000000e+05
1.815198281250000000e+05
1.839402656250000000e+05
1.842762031250000000e+05
1.855918281250000000e+05
1.866533593750000000e+05
1.872258125000000000e+05
1.882830781250000000e+05
1.912760156250000000e+05
1.913119687500000000e+05
1.940185468750000000e+05
1.942330312500000000e+05
1.955519218750000000e+05
1.960414062500000000e+05
1.961898281250000000e+05
1.969664531250000000e+05
1.970039062500000000e+05
1.980589218750000000e+05
1.985768281250000000e+05
1.994222968750000000e+05
2.066303750000000000e+05
2.078147812500000000e+05
2.083981406250000000e+05
2.085684375000000000e+05
2.099119687500000000e+05
2.103141093750000000e+05
2.112254687500000000e+05
2.136351718750000000e+05
2.154890000000000000e+05
2.161104843750000000e+05
2.164517031250000000e+05
2.176811250000000000e+05
2.201052187500000000e+05
2.261876406250000000e+05
2.263848437500000000e+05
2.354594843750000000e+05
2.354735156250000000e+05
2.355767500000000000e+05
2.372211718750000000e+05
2.374394062500000000e+05
2.376235156250000000e+05
2.378581093750000000e+05
2.387086875000000000e+05
2.406561093750000000e+05
2.408263750000000000e+05
2.409173437500000000e+05
2.412285468750000000e+05
2.421130156250000000e+05
2.421210156250000000e+05
