3.539215316156189145e-02
3.612093906188250381e-02
3.613031343191645123e-02
3.687241884821898519e-02
3.688218738754778930e-02
3.689175953193762902e-02
3.764754244948766843e-02
3.765772606641816511e-02
3.766770505337391217e-02
3.767747908058206169e-02
3.844730990461348724e-02
3.845793085067757827e-02
3.846833849746949391e-02
3.847853249383630103e-02
3.848851249555602927e-02
3.927277456056230132e-02
3.928385653213355144e-02
3.929471607323184457e-02
3.930535280969218309e-02
3.931576637472415647e-02
3.932595640894324257e-02
4.012504651043887621e-02
4.013661475921739830e-02
4.014795095471287989e-02
4.015905469797263760e-02
4.016992559789542977e-02
4.018056327126557498e-02
4.019096734278648775e-02
4.100529629241406182e-02
4.101737774565854255e-02
4.102921699925341642e-02
4.104081362752460410e-02
4.105216721316250900e-02
4.106327734725916112e-02
4.107414362934477120e-02
4.108476566742347985e-02
4.191475887228175712e-02
4.192738226376533511e-02
4.193975275129348951e-02
4.195186988036307685e-02
4.196373320538770990e-02
4.197534228973830855e-02
4.198669670578295682e-02
4.199779603492594104e-02
4.200863986764601793e-02
4.285473793470673948e-02
4.286793394748308200e-02
4.288086575702736852e-02
4.289353287770791140e-02
4.290593483340476161e-02
4.291807115755405522e-02
4.292994139319150637e-02
4.294154509299501904e-02
4.295288181932651467e-02
4.296395114427287859e-02
4.382661051073610814e-02
4.384041193292562144e-02
4.385393721772083003e-02
4.386718584585037189e-02
4.388015730819620763e-02
4.389285110584199845e-02
4.390526675012068614e-02
4.391740376266110857e-02
4.392926167543367844e-02
4.394084003079514605e-02
4.395213838153242542e-02
4.483183197194083591e-02
4.484627386688594397e-02
4.486042701233299013e-02
4.487429085262612666e-02
4.488786484295504559e-02
4.490114844940793631e-02
4.491414114902353427e-02
4.492684242984210097e-02
4.493925179095544648e-02
4.495136874255589027e-02
4.496319280598423673e-02
4.497472351377668209e-02
4.587194142466460844e-02
4.588706131695990259e-02
4.590187912323099445e-02
4.591639424843428630e-02
4.593060610911921943e-02
4.594451413348630414e-02
4.595811776144408112e-02
4.597141644466500726e-02
4.598440964664021052e-02
4.599709684273314836e-02
4.600947752023214904e-02
4.602155117840182885e-02
4.603331732853332969e-02
4.694856754132500226e-02
4.696440562040506139e-02
4.697992750229366271e-02
4.699513254927011052e-02
4.701002013601458113e-02
4.702458964967180105e-02
4.703884048991342076e-02
4.705277206899936143e-02
4.706638381183780168e-02
4.707967515604404712e-02
4.709264555199814406e-02
4.710529446290125793e-02
4.711762136483078900e-02
4.712962574679426669e-02
4.806343486958218614e-02
4.808003421275016537e-02
4.809630241861651695e-02
4.811223880317706120e-02
4.812784269570227064e-02
4.814311343880712385e-02
4.815805038851963399e-02
4.817265291434813523e-02
4.818692039934710514e-02
4.820085224018186287e-02
4.821444784719176174e-02
4.822770664445207717e-02
4.824062806983457630e-02
4.825321157506663738e-02
4.826545662578904383e-02
4.921837066451479475e-02
4.923577748152148381e-02
4.925283733340744818e-02
4.926954948592683625e-02
4.928591321905436556e-02
4.930192782706201149e-02
4.931759261859434973e-02
4.933290691674238615e-02
4.934787005911604740e-02
4.936248139791512418e-02
4.937674029999879199e-02
4.939064614695365396e-02
4.940419833516027093e-02
4.941739627585815114e-02
4.943023939520929666e-02
4.944272713436012601e-02
5.041531229378047596e-02
5.043357619532061464e-02
5.045147635256026775e-02
5.046901197666305711e-02
5.048618229403794427e-02
5.050298654642362828e-02
5.051942399097136133e-02
5.053549390032621019e-02
5.055119556270678410e-02
5.056652828198325567e-02
5.058149137775389687e-02
5.059608418541991504e-02
5.061030605625865125e-02
5.062415635749514808e-02
5.063763447237203813e-02
5.065073980021769784e-02
5.066347175651279844e-02
5.165631527115750743e-02
5.167548956394171777e-02
5.169428231288142328e-02
5.171269266976622619e-02
5.173071980274231846e-02
5.174836289640543513e-02
5.176562115189201757e-02
5.178249378696871130e-02
5.179898003612014301e-02
5.181507915063490732e-02
5.183079039868983967e-02
5.184611306543243647e-02
5.186104645306151978e-02
5.187558988090606310e-02
5.188974268550220620e-02
5.190350422066838249e-02
5.191687385757855905e-02
5.192985098483368644e-02
5.294356197994065649e-02
5.296370399133346063e-02
5.298344556410131134e-02
5.300278578539235896e-02
5.302172375991749675e-02
5.304025861005266795e-02
5.305838947593946586e-02
5.307611551558380492e-02
5.309343590495262805e-02
5.311034983806880994e-02
5.312685652710403411e-02
5.314295520246969246e-02
5.315864511290587652e-02
5.317392552556832186e-02
5.318879572611332623e-02
5.320325501878064856e-02
5.321730272647434007e-02
5.323093819084152162e-02
5.324416077234905148e-02
5.427937115448921296e-02
5.430054259008103984e-02
5.432129351571746839e-02
5.434162294809827959e-02
5.436152992279613683e-02
5.438101349436950949e-02
5.440007273647372299e-02
5.441870674196984392e-02
5.443691462303146961e-02
5.445469551124947766e-02
5.447204855773452037e-02
5.448897293321750684e-02
5.450546782814778835e-02
5.452153245278917870e-02
5.453716603731374041e-02
5.455236783189338495e-02
5.456713710678911394e-02
5.458147315243803283e-02
5.459537527953806091e-02
5.460884281913030991e-02
5.566620819589773034e-02
5.568847553380984472e-02
5.571030102549526242e-02
5.573168361079604283e-02
5.575262224985159248e-02
5.577311592322356515e-02
5.579316363201846513e-02
5.581276439800802319e-02
5.583191726374726188e-02
5.585062129269017378e-02
5.586887556930315857e-02
5.588667919917600369e-02
5.590403130913045027e-02
5.592093104732639985e-02
5.593737758336562310e-02
5.595337010839297742e-02
5.596890783519518214e-02
5.598398999829704015e-02
5.599861585405510600e-02
5.601278468074882139e-02
5.602649577866905539e-02
5.710669640639950972e-02
5.713013133261290316e-02
5.715310171521240101e-02
5.717560641009951372e-02
5.719764429502344205e-02
5.721921426971920965e-02
5.724031525604330456e-02
5.726094619810693370e-02
5.728110606240658514e-02
5.730079383795216169e-02
5.732000853639244303e-02
5.733874919213792498e-02
5.735701486248108438e-02
5.737480462771390316e-02
5.739211759124264456e-02
5.740895287970002731e-02
5.742530964305452013e-02
5.744118705471693009e-02
5.745658431164415297e-02
5.747150063444004392e-02
5.748593526745357507e-02
5.749988747887394697e-02
5.860362923685289577e-02
5.862830912641518039e-02
5.865250030911468848e-02
5.867620154907578212e-02
5.869941163395926004e-02
5.872212937511549907e-02
5.874435360773463261e-02
5.876608319099421024e-02
5.878731700820386680e-02
5.880805396694731291e-02
5.882829299922136962e-02
5.884803306157209563e-02
5.886727313522813199e-02
5.888601222623090353e-02
5.890424936556198227e-02
5.892198360926727968e-02
5.893921403857840802e-02
5.895593976003073861e-02
5.897215990557849730e-02
5.898787363270668188e-02
5.900308012453980844e-02
5.901777858994752129e-02
5.903196826364693478e-02
6.015998365265753933e-02
6.018599210226681373e-02
6.021148610171028759e-02
6.023646431465335543e-02
6.026092543013940317e-02
6.028486816275949178e-02
6.030829125281911979e-02
6.033119346650186315e-02
6.035357359603002458e-02
6.037543045982207701e-02
6.039676290264697767e-02
6.041756979577529718e-02
6.043785003712711518e-02
6.045760255141659906e-02
6.047682629029334928e-02
6.049552023248037230e-02
6.051368338390866047e-02
6.053131477784838566e-02
6.054841347503668592e-02
6.056497856380190642e-02
6.058100916018444720e-02
6.059650440805396110e-02
6.061146347922309607e-02
6.062588557355760854e-02
6.177893473588055850e-02
6.180636215408612244e-02
6.183324767415223494e-02
6.185958984965488072e-02
6.188538726155797670e-02
6.191063851840179766e-02
6.193534225648822389e-02
6.195949714006251940e-02
6.198310186149177253e-02
6.200615514143986706e-02
6.202865572903890762e-02
6.205060240205721028e-02
6.207199396706362948e-02
6.209282925958828359e-02
6.211310714427964452e-02
6.213282651505793591e-02
6.215198629526474255e-02
6.217058543780887292e-02
6.218862292530846075e-02
6.220609777022913234e-02
6.222300901501835735e-02
6.223935573223584455e-02
6.225513702468003091e-02
6.227035202551053916e-02
6.228499989836667333e-02
6.346387165545112896e-02
6.349281591756182619e-02
6.352118899275736863e-02
6.354898931382726990e-02
6.357621534314494838e-02
6.360286557287730957e-02
6.362893852519073412e-02
6.365443275245338817e-02
6.367934683743360635e-02
6.370367939349461106e-02
6.372742906478533198e-02
6.375059452642718727e-02
6.377317448469713157e-02
6.379516767720645742e-02
6.381657287307562765e-02
6.383738887310512478e-02
6.385761450994195676e-02
6.387724864824208260e-02
6.389629018482861911e-02
6.391473804884573173e-02
6.393259120190820932e-02
6.394984863824679233e-02
6.396650938484892135e-02
6.398257250159525289e-02
6.399803708139163716e-02
6.401290225029653003e-02
6.521841515324536265e-02
6.524898232901726880e-02
6.527894703943010191e-02
6.530830758458884555e-02
6.533706229658411968e-02
6.536520953972557724e-02
6.539274771077141502e-02
6.541967523915354077e-02
6.544599058719877127e-02
6.547169225034575601e-02
6.549677875735741839e-02
6.552124867052935842e-02
6.554510058589367583e-02
6.556833313341829672e-02
6.559094497720198425e-02
6.561293481566461694e-02
6.563430138173297068e-02
6.565504344302174056e-02
6.567515980201002468e-02
6.569464929621286753e-02
6.571351079834819586e-02
6.573174321649873086e-02
6.574934549426919572e-02
6.576631661093847170e-02
6.578265558160682758e-02
6.579836145733816699e-02
6.581343332529722423e-02
6.704643671201389321e-02
6.707874187532045229e-02
6.711041114218946335e-02
6.714144266678899464e-02
6.717183463790228626e-02
6.720158527918801417e-02
6.723069284943623825e-02
6.725915564281970127e-02
6.728697198914050659e-02
6.731414025407211899e-02
6.734065883939657771e-02
6.736652618323693553e-02
6.739174076028481286e-02
6.741630108202290028e-02
6.744020569694260392e-02
6.746345319075655600e-02
6.748604218660597676e-02
6.750797134526292931e-02
6.752923936532723159e-02
6.754984498341826127e-02
6.756978697436120951e-02
6.758906415136810286e-02
6.760767536621331564e-02
6.762561950940362832e-02
6.764289551034269321e-02
6.765950233749000453e-02
6.767543899851416467e-02
6.769070454044057161e-02
6.895207959172668100e-02
6.898624772272218819e-02
6.901974419497035329e-02
6.905256700192037578e-02
6.908471417451841901e-02
6.911618378149858577e-02
6.914697392966860645e-02
6.917708276419064217e-02
6.920650846885696705e-02
6.923524926636023813e-02
6.926330341855876926e-02
6.929066922673624007e-02
6.931734503185593699e-02
6.934332921480974854e-02
6.936862019666130419e-02
6.939321643888364533e-02
6.941711644359110922e-02
6.944031875376553697e-02
6.946282195347654176e-02
6.948462466809596227e-02
6.950572556450629325e-02
6.952612335130321786e-02
6.954581677899188130e-02
6.956480464017729404e-02
6.958308576974828186e-02
6.960065904505546852e-02
6.961752338608273583e-02
6.963367775561253581e-02
6.964912115938476367e-02
7.093978194440470064e-02
7.097594893620687295e-02
7.101140597977631530e-02
7.104615089133071992e-02
7.108018152774678300e-02
7.111349578688562489e-02
7.114609160791240949e-02
7.117796697161059283e-02
7.120911990069025976e-02
7.123954846009079855e-02
7.126925075727760794e-02
7.129822494253294785e-02
7.132646920924051726e-02
7.135398179416425901e-02
7.138076097772061424e-02
7.140680508424468442e-02
7.143211248224991261e-02
7.145668158468154729e-02
7.148051084916327846e-02
7.150359877823757315e-02
7.152594391959919695e-02
7.154754486632211585e-02
7.156840025707948694e-02
7.158850877635702936e-02
7.160786915465919278e-02
7.162648016870865053e-02
7.164434064163853477e-02
7.166144944317770493e-02
7.167780548982886912e-02
7.169340774503951685e-02
7.301430224431905425e-02
7.305261602799410781e-02
7.309017883155399797e-02
7.312698827551125658e-02
7.316304202451068273e-02
7.319833778769366250e-02
7.323287331905659059e-02
7.326664641780271381e-02
7.329965492868788235e-02
7.333189674235979227e-02
7.336336979569053895e-02
7.339407207210270345e-02
7.342400160188862490e-02
7.345315646252278952e-02
7.348153477896735009e-02
7.350913472397066495e-02
7.353595451835863439e-02
7.356199243131883447e-02
7.358724678067758707e-02
7.361171593316941097e-02
7.363539830469918723e-02
7.365829236059677487e-02
7.368039661586400779e-02
7.370170963541408660e-02
7.372223003430318500e-02
7.374195647795427078e-02
7.376088768237307192e-02
7.377902241435606301e-02
7.379635949169047193e-02
7.381289778334626517e-02
7.382863620965995910e-02
7.518074730108451065e-02
7.522136910476176497e-02
7.526119591737472081e-02
7.530022514303122416e-02
7.533845423379049999e-02
7.537588069007214453e-02
7.541250206105815090e-02
7.544831594508792649e-02
7.548331999004648241e-02
7.551751189374508733e-02
7.555088940429491307e-02
7.558345032047308898e-02
7.561519249208126237e-02
7.564611382029658160e-02
7.567621225801485219e-02
7.570548581018596290e-02
7.573393253414126280e-02
7.576155053991284749e-02
7.578833799054494891e-02
7.581429310239679031e-02
7.583941414543732273e-02
7.586369944353141270e-02
7.588714737471760619e-02
7.590975637147728827e-02
7.593152492099509987e-02
7.595245156541063913e-02
7.597253490206141990e-02
7.599177358371676794e-02
7.601016631880287699e-02
7.602771187161862232e-02
7.604440906254250621e-02
7.606025676823022219e-02
7.744460315826505459e-02
7.748770891858844378e-02
7.752997243726840459e-02
7.757139087877711059e-02
7.761196145974275096e-02
7.765168144940898243e-02
7.769054817008694269e-02
7.772855899759932574e-02
7.776571136171682441e-02
7.780200274658626014e-02
7.783743069115073299e-02
7.787199278956147275e-02
7.790568669158118298e-02
7.793851010297889181e-02
7.797046078591622631e-02
7.800153655932479113e-02
7.803173529927465157e-02
7.806105493933390704e-02
7.808949347091898030e-02
7.811704894363581675e-02
7.814371946561173010e-02
7.816950320381764461e-02
7.819439838438095591e-02
7.821840329288866356e-02
7.824151627468080294e-02
7.826373573513398241e-02
7.828506013993502544e-02
7.830548801534459313e-02
7.832501794845074528e-02
7.834364858741220405e-02
7.836137864169151479e-02
7.837820688227777055e-02
7.839413214189892842e-02
7.981176922035791710e-02
7.985755116726223068e-02
7.990244009509737955e-02
7.994643290258562907e-02
7.998952654523923400e-02
8.003171803587784405e-02
8.007300444513731907e-02
8.011338290197002332e-02
8.015285059413616853e-02
8.019140476868617806e-02
8.022904273243411377e-02
8.026576185242163819e-02
8.030155955637255372e-02
8.033643333313797430e-02
8.037038073313156061e-02
8.040339936875508242e-02
8.043548691481383628e-02
8.046664110892215449e-02
8.049685975189843634e-02
8.052614070815000691e-02
8.055448190604737324e-02
8.058188133828783628e-02
8.060833706224843076e-02
8.063384720032799879e-02
8.065840994027831390e-02
8.068202353552404726e-02
8.070468630547165956e-02
8.072639663580695457e-02
8.074715297878125309e-02
8.076695385348617306e-02
8.078579784611668313e-02
8.080368361022276236e-02
8.082060986694902804e-02
8.083657540526278940e-02
8.228859599727259000e-02
8.233726443632284620e-02
8.238498523504529658e-02
8.243175499700704234e-02
8.247757038767859761e-02
8.252242813501761698e-02
8.256632503004260326e-02
8.260925792739738649e-02
8.265122374590544441e-02
8.269221946911427257e-02
8.273224214582963754e-02
8.277128889063931072e-02
8.280935688442622733e-02
8.284644337487108434e-02
8.288254567694390562e-02
8.291766117338453257e-02
8.295178731517199866e-02
8.298492162198252420e-02
8.301706168263588148e-02
8.304820515553024141e-02
8.307834976906505742e-02
8.310749332205208395e-02
8.313563368411433507e-02
8.316276879607271966e-02
8.318889667032036694e-02
8.321401539118446211e-02
8.323812311527548080e-02
8.326121807182368384e-02
8.328329856300281664e-02
8.330436296424081899e-02
8.332440972451743422e-02
8.334343736664880098e-02
8.336144448755870850e-02
8.337842975853641814e-02
8.339439192548123159e-02
8.488192690866171175e-02
8.493371222900807094e-02
8.498449109365291410e-02
8.503425977783986289e-02
8.508301462436550222e-02
8.513075204423849185e-02
8.517746851732818647e-02
8.522316059300215352e-02
8.526782489075303284e-02
8.531145810081378067e-02
8.535405698476174197e-02
8.539561837611089889e-02
8.543613918089229542e-02
8.547561637822252700e-02
8.551404702085975418e-02
8.555142823574758693e-02
8.558775722454600721e-02
8.562303126414981536e-02
8.565724770719394809e-02
8.569040398254555713e-02
8.572249759578297323e-02
8.575352612966105625e-02
8.578348724456293095e-02
8.581237867893792837e-02
8.584019824972553836e-02
8.586694385276538721e-02
8.589261346319274071e-02
8.591720513581990737e-02
8.594071700550291737e-02
8.596314728749362977e-02
8.598449427777708765e-02
8.600475635339401015e-02
8.602393197274818548e-02
8.604201967589887590e-02
8.605901808483797100e-02
8.607492590375180608e-02
8.759914465186666166e-02
8.765429959234753710e-02
8.770838468006583732e-02
8.776139582446250420e-02
8.781332900878047187e-02
8.786418029081061176e-02
8.791394580362592304e-02
8.796262175630344127e-02
8.801020443463389298e-02
8.805669020181870754e-02
8.810207549915412273e-02
8.814635684670218962e-02
8.818953084394860753e-02
8.823159417044669495e-02
8.827254358644794074e-02
8.831237593351823345e-02
8.835108813514014336e-02
8.838867719730049421e-02
8.842514020906357131e-02
8.846047434312934166e-02
8.849467685637658898e-02
8.852774509039099127e-02
8.855967647197759973e-02
8.859046851365783015e-02
8.862011881415064740e-02
8.864862505883776278e-02
8.867598502021274698e-02
8.870219655831386441e-02
8.872725762114043457e-02
8.875116624505266505e-02
8.877392055515467839e-02
8.879551876566073310e-02
8.881595918024440262e-02
8.883524019237065694e-02
8.885336028561059696e-02
8.887031803393899421e-02
8.888611210201417812e-02
9.044822270819968812e-02
9.050702491940328109e-02
9.056468886970303611e-02
9.062121006030893211e-02
9.067658407315369595e-02
9.073080657173868135e-02
9.078387330196649452e-02
9.083578009295990852e-02
9.088652285786691376e-02
9.093609759465172415e-02
9.098450038687110053e-02
9.103172740443614408e-02
9.107777490435890744e-02
9.112263923148393452e-02
9.116631681920403518e-02
9.120880419016044738e-02
9.125009795692685943e-02
9.129019482267712593e-02
9.132909158183658005e-02
9.136678512071629010e-02
9.140327241813064885e-02
9.143855054599746290e-02
9.147261666992072271e-02
9.150546804975562276e-02
9.153710204015576279e-02
9.156751609110226620e-02
9.159670774841453811e-02
9.162467465424266322e-02
9.165141454754109629e-02
9.167692526452350665e-02
9.170120473909870729e-02
9.172425100328729375e-02
9.174606218761904852e-02
9.176663652151090256e-02
9.178597233362525976e-02
9.180406805220850397e-02
9.182092220540973015e-02
9.183653342157951927e-02
9.343778264444094206e-02
9.350053759076767945e-02
9.356208038060864762e-02
9.362240605882141131e-02
9.368150975866065822e-02
9.373938670273916640e-02
9.379603220397393637e-02
9.385144166651687714e-02
9.390561058667006022e-02
9.395853455378487540e-02
9.401020925114501881e-02
9.406063045683278612e-02
9.410979404457853192e-02
9.415769598459282352e-02
9.420433234438109482e-02
9.424969928954039788e-02
9.429379308453808561e-02
9.433661009347199533e-02
9.437814678081199449e-02
9.441839971212234728e-02
9.445736555476502705e-02
9.449504107858336388e-02
9.453142315656590244e-02
9.456650876549024809e-02
9.460029498654654034e-02
9.463277900594049830e-02
9.466395811547562156e-02
9.469382971311443575e-02
9.472239130351846337e-02
9.474964049856696158e-02
9.477557501785376093e-02
9.480019268916259345e-02
9.482349144892023018e-02
9.484546934262749751e-02
9.486612452526810291e-02
9.488545526169468725e-02
9.490345992699246447e-02
9.492013700682008781e-02
9.493548509772732624e-02
9.657715796175043999e-02
9.664420221489390672e-02
9.670995439934594595e-02
9.677440904892732620e-02
9.683756079437663700e-02
9.689940436444434424e-02
9.695993458696978984e-02
9.701914638994134366e-02
9.707703480253870865e-02
9.713359495615737915e-02
9.718882208541482215e-02
9.724271152913768756e-02
9.729525873133017255e-02
9.734645924212272095e-02
9.739630871870097462e-02
9.744480292621450490e-02
9.749193773866499102e-02
9.753770913977344303e-02
9.758211322382635833e-02
9.762514619650011771e-02
9.766680437566367667e-02
9.770708419215895502e-02
9.774598219055877224e-02
9.778349502990199560e-02
9.781961948440555388e-02
9.785435244415310874e-02
9.788769091576014769e-02
9.791963202301506852e-02
9.795017300749621347e-02
9.797931122916436752e-02
9.800704416693073462e-02
9.803336941919998937e-02
9.805828470438832101e-02
9.808178786141601158e-02
9.810387685017475656e-02
9.812454975196907569e-02
9.814380476993207758e-02
9.816164022941503697e-02
9.817805457835086791e-02
9.819304638759127069e-02
9.987646535500882550e-02
9.994817033902460290e-02
1.000184967368441813e-01
1.000874385089847579e-01
1.001549897223539959e-01
1.002211445514977622e-01
1.002858972798291448e-01
1.003492423008380402e-01
1.004111741192810076e-01
1.004716873523507359e-01
1.005307767308249306e-01
1.005884371001939809e-01
1.006446634217669223e-01
1.006994507737554445e-01
1.007527943523354730e-01
1.008046894726856851e-01
1.008551315700028372e-01
1.009041162004933739e-01
1.009516390423408211e-01
1.009976958966488370e-01
1.010422826883592140e-01
1.010853954671447341e-01
1.011270304082763638e-01
1.011671838134645257e-01
1.012058521116740162e-01
1.012430318599122497e-01
1.012787197439906778e-01
1.013129125792587154e-01
1.013456073113103428e-01
1.013768010166625766e-01
1.014064909034060324e-01
1.014346743118268446e-01
1.014613487150001631e-01
1.014865117193544386e-01
1.015101610652068137e-01
1.015322946272689680e-01
1.015529104151234180e-01
1.015720065736700761e-01
1.015895813835427930e-01
1.016056332614956870e-01
1.016201607607593455e-01
1.033466843747092995e-01
1.034234606332527923e-01
1.034987645270193934e-01
1.035725893721763935e-01
1.036449286018257671e-01
1.037157757674304903e-01
1.037851245402196670e-01
1.038529687125718387e-01
1.039193021993759375e-01
1.039841190393694242e-01
1.040474133964528203e-01
1.041091795609804666e-01
1.041694119510266914e-01
1.042281051136269704e-01
1.042852537259937318e-01
1.043408525967058353e-01
1.043948966668719891e-01
1.044473810112667711e-01
1.044983008394395341e-01
1.045476514967952353e-01
1.045954284656468725e-01
1.046416273662393315e-01
1.046862439577438408e-01
1.047292741392227694e-01
1.047707139505645590e-01
1.048105595733879736e-01
1.048488073319157887e-01
1.048854536938170073e-01
1.049204952710178079e-01
1.049539288204803522e-01
1.049857512449495350e-01
1.050159595936671214e-01
1.050445510630529516e-01
1.050715229973532283e-01
1.050968728892550663e-01
1.051205983804675975e-01
1.051426972622690886e-01
1.051631674760197532e-01
1.051820071136403689e-01
1.051992144180560473e-01
1.052147877836054762e-01
1.052287257564149259e-01
1.069997466342628434e-01
1.070820487029958967e-01
1.071627766357251127e-01
1.072419230230317738e-01
1.073194805841842236e-01
1.073954421687717958e-01
1.074698007583148596e-01
1.075425494678502319e-01
1.076136815474913605e-01
1.076831903839625681e-01
1.077510695021068471e-01
1.078173125663664245e-01
1.078819133822355725e-01
1.079448658976850384e-01
1.080061642045574144e-01
1.080658025399331146e-01
1.081237752874658758e-01
1.081800769786878808e-01
1.082347022942832804e-01
1.082876460653301037e-01
1.083389032745097208e-01
1.083884690572833043e-01
1.084363387030350540e-01
1.084825076561814761e-01
1.085269715172461763e-01
1.085697260438999445e-01
1.086107671519654649e-01
1.086500909163862078e-01
1.086876935721592941e-01
1.087235715152316956e-01
1.087577213033593532e-01
1.087901396569292273e-01
1.088208234597431989e-01
1.088497697597642921e-01
1.088769757698242330e-01
1.089024388682924699e-01
1.089261565997059061e-01
1.089481266753597188e-01
1.089683469738581545e-01
1.089868155416259532e-01
1.090035305933793330e-01
1.090184905125570897e-01
1.090316938517108536e-01
1.108486358819744944e-01
1.109369678639953866e-01
1.110236151288314516e-01
1.111085694483874980e-01
1.111918227363713485e-01
1.112733670501697830e-01
1.113531945926975741e-01
1.114312977142185440e-01
1.115076689141382832e-01
1.115823008427673513e-01
1.116551863030546266e-01
1.117263182522894860e-01
1.117956898037727742e-01
1.118632942284552290e-01
1.119291249565430163e-01
1.119931755790695427e-01
1.120554398494327808e-01
1.121159116848976373e-01
1.121745851680625572e-01
1.122314545482895748e-01
1.122865142430975738e-01
1.123397588395176894e-01
1.123911830954106017e-01
1.124407819407447912e-01
1.124885504788355750e-01
1.125344839875440234e-01
1.125785779204353104e-01
1.126208279078961122e-01
1.126612297582103711e-01
1.126997794585929275e-01
1.127364731761808375e-01
1.127713072589814347e-01
1.128042782367771196e-01
1.128353828219862687e-01
1.128646179104799696e-01
1.128919805823540012e-01
1.129174681026559324e-01
1.129410779220669514e-01
1.129628076775379270e-01
1.129826551928797412e-01
1.130006184793071605e-01
1.130166957359365620e-01
1.130308853502367678e-01
1.130431858984329713e-01
1.149075004638290265e-01
1.150024224237973652e-01
1.150955393610099964e-01
1.151868421217798200e-01
1.152763217088794978e-01
1.153639692837001851e-01
1.154497761683799806e-01
1.155337338479006382e-01
1.156158339721521933e-01
1.156960683579641991e-01
1.157744289911028929e-01
1.158509080282331960e-01
1.159254977988448398e-01
1.159981908071418127e-01
1.160689797338939067e-01
1.161378574382500584e-01
1.162048169595121389e-01
1.162698515188688442e-01
1.163329545210885080e-01
1.163941195561702113e-01
1.164533404009526624e-01
1.165106110206795831e-01
1.165659255705214087e-01
1.166192783970521479e-01
1.166706640396811406e-01
1.167200772320386437e-01
1.167675129033148851e-01
1.168129661795517527e-01
1.168564323848866465e-01
1.168979070427478700e-01
1.169373858770010183e-01
1.169748648130456287e-01
1.170103399788618714e-01
1.170438077060066001e-01
1.170752645305583317e-01
1.171047071940105599e-01
1.171321326441132904e-01
1.171575380356621732e-01
1.171809207312346640e-01
1.172022783018734637e-01
1.172216085277161396e-01
1.172389093985712893e-01
1.172541791144405959e-01
1.172674160859864673e-01
1.172786189349454555e-01
1.191917799464291411e-01
1.192939152604915037e-01
1.193941144972079510e-01
1.194923674542199554e-01
1.195886641020284941e-01
1.196829945864841260e-01
1.197753492312428475e-01
1.198657185401861419e-01
1.199540931998044763e-01
1.200404640815429663e-01
1.201248222441082397e-01
1.202071589357354975e-01
1.202874655964143030e-01
1.203657338600727794e-01
1.204419555567184802e-01
1.205161227145354896e-01
1.205882275619362676e-01
1.206582625295677530e-01
1.207262202522705052e-01
1.207920935709897448e-01
1.208558755346380159e-01
1.209175594019079036e-01
1.209771386430343182e-01
1.210346069415053072e-01
1.210899581957208815e-01
1.211431865205985225e-01
1.211942862491251077e-01
1.212432519338541986e-01
1.212900783483480405e-01
1.213347604885635506e-01
1.213772935741817410e-01
1.214176730498795487e-01
1.214558945865440165e-01
1.214919540824276889e-01
1.215258476642449847e-01
1.215575716882087570e-01
1.215871227410068312e-01
1.216144976407177725e-01
1.216396934376653693e-01
1.216627074152118737e-01
1.216835370904888886e-01
1.217021802150662912e-01
1.217186347755582071e-01
1.217328989941660472e-01
1.217449713291585273e-01
1.217548504752879041e-01
1.237183479560173271e-01
1.238283917805007850e-01
1.239363565742000600e-01
1.240422309440574467e-01
1.241460036882481438e-01
1.242476637990598404e-01
1.243472004657331792e-01
1.244446030772619199e-01
1.245398612251516213e-01
1.246329647061351353e-01
1.247239035248440819e-01
1.248126678964346786e-01
1.248992482491670941e-01
1.249836352269362988e-01
1.250658196917542597e-01
1.251457927261812597e-01
1.252235456357058963e-01
1.252990699510721506e-01
1.253723574305524724e-01
1.254434000621660883e-01
1.255121900658408562e-01
1.255787198955180817e-01
1.256429822411990194e-01
1.257049700309321172e-01
1.257646764327398359e-01
1.258220948564844066e-01
1.258772189556711940e-01
1.259300426291891650e-01
1.259805600229870204e-01
1.260287655316848499e-01
1.260746538001198958e-01
1.261182197248258141e-01
1.261594584554449061e-01
1.261983653960721263e-01
1.262349362065306735e-01
1.262691668035782755e-01
1.263010533620433362e-01
1.263305923158907218e-01
1.263577803592165760e-01
1.263826144471712765e-01
1.264050917968106147e-01
1.264252098878742570e-01
1.264429664634914297e-01
1.264583595308132191e-01
1.264713873615713469e-01
1.264820484925628929e-01
1.264903417260611618e-01
1.285056736280477119e-01
1.286244026811886876e-01
1.287408965589766363e-01
1.288551425133547534e-01
1.289671280081100546e-01
1.290768407222113723e-01
1.291842685531033874e-01
1.292893996199549200e-01
1.293922222668598687e-01
1.294927250659892448e-01
1.295908968206929412e-01
1.296867265685495152e-01
1.297802035843622359e-01
1.298713173831006484e-01
1.299600577227852660e-01
1.300464146073146976e-01
1.301303782892331840e-01
1.302119392724377100e-01
1.302910883148228061e-01
1.303678164308618437e-01
1.304421148941239117e-01
1.305139752397241892e-01
1.305833892667071783e-01
1.306503490403614076e-01
1.307148468944642206e-01
1.307768754334557026e-01
1.308364275345404171e-01
1.308934963497160320e-01
1.309480753077276183e-01
1.310001581159465356e-01
1.310497387621734067e-01
1.310968115163631542e-01
1.311413709322725996e-01
1.311834118490284307e-01
1.312229293926155949e-01
1.312599189772848673e-01
1.312943763068789016e-01
1.313262973760764285e-01
1.313556784715530501e-01
1.313825161730592384e-01
1.314068073544136794e-01
1.314285491844125187e-01
1.314477391276532015e-01
1.314643749452729105e-01
1.314784546956010991e-01
1.314899767347257331e-01
1.314989397169729068e-01
1.315053425952995292e-01
1.335740044626717027e-01
1.337022883516517935e-01
1.338281662749797596e-01
1.339516239390484420e-01
1.340726472852434570e-01
1.341912224938230924e-01
1.343073359877482442e-01
1.344209744364604497e-01
1.345321247596061864e-01
1.346407741307054651e-01
1.347469099807627746e-01
1.348505200018187689e-01
1.349515921504407800e-01
1.350501146511500217e-01
1.351460759997843153e-01
1.352394649667940096e-01
1.353302706004698153e-01
1.354184822301003621e-01
1.355040894690584252e-01
1.355870822178136814e-01
1.356674506668704427e-01
1.357451852996292008e-01
1.358202768951698725e-01
1.358927165309557206e-01
1.359624955854561723e-01
1.360296057406873427e-01
1.360940389846686804e-01
1.361557876137944878e-01
1.362148442351191202e-01
1.362712017685543120e-01
1.363248534489778507e-01
1.363757928282519905e-01
1.364240137771507155e-01
1.364695104871949394e-01
1.365122774723941390e-01
1.365523095708940371e-01
1.365896019465289157e-01
1.366241500902780903e-01
1.366559498216253499e-01
1.366849972898209198e-01
1.367112889750450866e-01
1.367348216894727631e-01
1.367555925782387438e-01
1.367735991203024581e-01
1.367888391292123862e-01
1.368013107537694173e-01
1.368110124785887893e-01
1.368179431245601096e-01
1.368221018492056795e-01
1.390843882293209266e-01
1.392206095596879023e-01
1.393542217878281642e-01
1.394852091140253714e-01
1.396135560041085744e-01
1.397392471939175596e-01
1.398622676937089360e-01
1.399826027925014649e-01
1.401002380623575794e-01
1.402151593625991788e-01
1.403273528439555051e-01
1.404368049526407980e-01
1.405435024343594519e-01
1.406474323382368163e-01
1.407485820206730576e-01
1.408469391491184441e-01
1.409424917057676696e-01
1.410352279911713802e-01
1.411251366277628261e-01
1.412122065632975265e-01
1.412964270742045614e-01
1.413777877688468798e-01
1.414562785906894049e-01
1.415318898213729082e-01
1.416046120836919053e-01
1.416744363444748522e-01
1.417413539173653092e-01
1.418053564655019638e-01
1.418664360040964578e-01
1.419245849029073803e-01
1.419797958886088729e-01
1.420320620470525985e-01
1.420813768254219345e-01
1.421277340342768092e-01
1.421711278494880437e-01
1.422115528140606155e-01
1.422490038398439016e-01
1.422834762091286509e-01
1.423149655761292431e-01
1.423434679683508453e-01
1.423689797878401608e-01
1.423914978123194397e-01
1.424110191962028871e-01
1.424275414714947507e-01
1.424410625485690862e-01
1.424515807168299508e-01
1.424590946452524154e-01
1.424636033828033943e-01
1.449429226041264451e-01
1.450877498608929006e-01
1.452297429812314800e-01
1.453688844648390321e-01
1.455051571122457088e-01
1.456385440299688694e-01
1.457690286355968479e-01
1.458965946628005828e-01
1.460212261662698630e-01
1.461429075265714694e-01
1.462616234549269922e-01
1.463773589979072698e-01
1.464900995420407026e-01
1.465998308183334431e-01
1.467065389066979642e-01
1.468102102402888409e-01
1.469108316097417488e-01
1.470083901673142623e-01
1.471028734309260400e-01
1.471942692880954251e-01
1.472825659997707981e-01
1.473677522040541810e-01
1.474498169198148467e-01
1.475287495501911572e-01
1.476045398859781865e-01
1.476771781088991875e-01
1.477466547947592079e-01
1.478129609164789415e-01
1.478760878470063989e-01
1.479360273621057043e-01
1.479927716430205487e-01
1.480463132790108549e-01
1.480966452697614344e-01
1.481437610276606365e-01
1.481876543799484081e-01
1.482283195707314039e-01
1.482657512628650087e-01
1.482999445397003846e-01
1.483308949066957372e-01
1.483585982928907199e-01
1.483830510522434754e-01
1.484042499648286495e-01
1.484221922378967107e-01
1.484368755067929924e-01
1.484482978357364036e-01
1.484564577184573353e-01
1.484613540786940411e-01
1.511795658691741928e-01
1.513337394098306643e-01
1.514848289876542520e-01
1.516328151773448096e-01
1.517776788953166534e-01
1.519194014056645115e-01
1.520579643260468183e-01
1.521933496334829106e-01
1.523255396700609332e-01
1.524545171485524597e-01
1.525802651579319935e-01
1.527027671687965216e-01
1.528220070386832885e-01
1.529379690172817108e-01
1.530506377515372940e-01
1.531599982906431956e-01
1.532660360909182395e-01
1.533687370205665812e-01
1.534680873643177179e-01
1.535640738279429318e-01
1.536566835426463329e-01
1.537459040693270329e-01
1.538317234027103131e-01
1.539141299753452041e-01
1.539931126614659251e-01
1.540686607807147668e-01
1.541407641017243368e-01
1.542094128455565316e-01
1.542745976889967341e-01
1.543363097677002693e-01
1.543945406791902286e-01
1.544492824857037483e-01
1.545005277168858271e-01
1.545482693723281564e-01
1.545925009239523529e-01
1.546332163182347619e-01
1.546704099782729991e-01
1.547040768056913151e-01
1.547342121823850614e-01
1.547608119721018416e-01
1.547838725218592948e-01
1.548033906631980927e-01
1.548193637132695422e-01
1.548317894757569313e-01
1.548406662416304258e-01
1.548459927897343769e-01
1.578275693859487183e-01
1.579919109150032253e-01
1.581528905116606210e-01
1.583104865659001326e-01
1.584646778569253900e-01
1.586154435600925783e-01
1.587627632537398081e-01
1.589066169259138184e-01
1.590469849809902358e-01
1.591838482461825910e-01
1.593171879779371469e-01
1.594469858682089625e-01
1.595732240506157473e-01
1.596958851064654294e-01
1.598149520706541038e-01
1.599304084374302826e-01
1.600422381660220328e-01
1.601504256861238373e-01
1.602549559032389326e-01
1.603558142038746248e-01
1.604529864605866440e-01
1.605464590368695932e-01
1.606362187918905504e-01
1.607222530850622999e-01
1.608045497804538038e-01
1.608830972510345569e-01
1.609578843827505490e-01
1.610289005784288630e-01
1.610961357615083578e-01
1.611595803795944637e-01
1.612192254078348985e-01
1.612750623521149451e-01
1.613270832520699583e-01
1.613752806839124643e-01
1.614196477630732429e-01
1.614601781466531438e-01
1.614968660356855268e-01
1.615297061772064113e-01
1.615586938661322525e-01
1.615838249469430110e-01
1.616050958151699912e-01
1.616225034186874465e-01
1.616360452588067598e-01
1.616457193911728096e-01
1.616515244264617179e-01
1.649239217180190897e-01
1.650993452510533810e-01
1.652710968475185893e-01
1.654391524111412104e-01
1.656034882902682193e-01
1.657640812859387247e-01
1.659209086598375238e-01
1.660739481421255881e-01
1.662231779391425412e-01
1.663685767409769367e-01
1.665101237288982849e-01
1.666477985826474162e-01
1.667815814875798219e-01
1.669114531416573399e-01
1.670373947622842137e-01
1.671593880929824472e-01
1.672774154099024857e-01
1.673914595281650319e-01
1.675015038080294727e-01
1.676075321608851143e-01
1.677095290550613405e-01
1.678074795214523074e-01
1.679013691589532342e-01
1.679911841397037642e-01
1.680769112141356492e-01
1.681585377158207606e-01
1.682360515661164291e-01
1.683094412786048932e-01
1.683786959633239710e-01
1.684438053307857064e-01
1.685047596957805760e-01
1.685615499809645923e-01
1.686141677202266653e-01
1.686626050618340311e-01
1.687068547713535260e-01
1.687469102343468197e-01
1.687827654588373583e-01
1.688144150775479913e-01
1.688418543499067836e-01
1.688650791638205140e-01
1.688840860372141095e-01
1.688988721193350195e-01
1.689094351918218051e-01
1.689157736695358625e-01
1.725098642367349777e-01
1.726973888276808200e-01
1.728808949093713077e-01
1.730603555480699496e-01
1.732357443194748048e-01
1.734070353181544066e-01
1.735742031668417173e-01
1.737372230255802286e-01
1.738960706007160184e-01
1.740507221537302973e-01
1.742011545099061698e-01
1.743473450668240055e-01
1.744892718026798684e-01
1.746269132844211758e-01
1.747602486756942852e-01
1.748892577445984586e-01
1.750139208712412076e-01
1.751342190550891353e-01
1.752501339221104182e-01
1.753616477317024858e-01
1.754687433834014876e-01
1.755714044233679938e-01
1.756696150506444343e-01
1.757633601231805842e-01
1.758526251636218785e-01
1.759373963648571404e-01
1.760176605953216455e-01
1.760934054040514396e-01
1.761646190254858857e-01
1.762312903840141665e-01
1.762934090982634650e-01
1.763509654851249664e-01
1.764039505635150717e-01
1.764523560578691030e-01
1.764961744013650025e-01
1.765353987388745827e-01
1.765700229296402746e-01
1.766000415496752352e-01
1.766254498938854833e-01
1.766462439779121207e-01
1.766624205396922498e-01
1.766739770407378951e-01
1.766809116671316238e-01
1.806314916677685956e-01
1.808322562310026860e-01
1.810286138432923297e-01
1.812205343229742749e-01
1.814079880739265516e-01
1.815909460966385058e-01
1.817693799991094705e-01
1.819432620075689400e-01
1.821125649770108101e-01
1.822772624015344678e-01
1.824373284244853177e-01
1.825927378483881980e-01
1.827434661446662445e-01
1.828894894631384604e-01
1.830307846412894957e-01
1.831673292133047248e-01
1.832991014188644074e-01
1.834260802116904621e-01
1.835482452678396104e-01
1.836655769937371452e-01
1.837780565339452166e-01
1.838856657786600290e-01
1.839883873709325934e-01
1.840862047136073154e-01
1.841791019759738690e-01
1.842670641001267762e-01
1.843500768070286122e-01
1.844281266022716748e-01
1.845012007815342858e-01
1.845692874357273694e-01
1.846323754558276964e-01
1.846904545373935780e-01
1.847435151847603985e-01
1.847915487149121294e-01
1.848345472610261608e-01
1.848725037756890621e-01
1.849054120337798313e-01
1.849332666350198551e-01
1.849560630061864164e-01
1.849737974029885546e-01
1.849864669116040305e-01
1.849940694498757587e-01
1.893404539552398791e-01
1.895557345859216203e-01
1.897661717361319722e-01
1.899717314948615177e-01
1.901723806263463934e-01
1.903680865831038072e-01
1.905588175187599709e-01
1.907445423006614849e-01
1.909252305222609580e-01
1.911008525152681214e-01
1.912713793615572200e-01
1.914367829048223280e-01
1.915970357619720676e-01
1.917521113342548211e-01
1.919019838181067195e-01
1.920466282157138882e-01
1.921860203452813998e-01
1.923201368510006615e-01
1.924489552127082448e-01
1.925724537552284954e-01
1.926906116573925409e-01
1.928034089607274515e-01
1.929108265778083087e-01
1.930128463002665495e-01
1.931094508064492010e-01
1.932006236687220657e-01
1.932863493604118632e-01
1.933666132623815537e-01
1.934414016692335425e-01
1.935107017951364916e-01
1.935745017792702694e-01
1.936327906908854313e-01
1.936855585339728181e-01
1.937327962515398849e-01
1.937744957294899317e-01
1.938106498001014588e-01
1.938412522451048448e-01
1.938662977983537095e-01
1.938857821480890475e-01
1.938997019387941056e-01
1.939080547726384773e-01
1.986947794598286077e-01
1.989260097454378928e-01
1.991519046096130729e-01
1.993724258452566067e-01
1.995875360266661236e-01
1.997971985249443194e-01
2.000013775231564706e-01
2.002000380312236039e-01
2.003931459005406091e-01
2.005806678383077468e-01
2.007625714215650337e-01
2.009388251109184842e-01
2.011093982639474420e-01
2.012742611482830901e-01
2.014333849543474553e-01
2.015867418077428308e-01
2.017343047812824586e-01
2.018760479066522284e-01
2.020119461856945131e-01
2.021419756013048408e-01
2.022661131279330227e-01
2.023843367416796601e-01
2.024966254299805923e-01
2.026029592008707914e-01
2.027033190918202388e-01
2.027976871781351220e-01
2.028860465809164682e-01
2.029683814745704973e-01
2.030446770938642287e-01
2.031149197405201778e-01
2.031790967893451483e-01
2.032371966938877339e-01
2.032892089916199796e-01
2.033351243086384541e-01
2.033749343638814600e-01
2.034086319728584946e-01
2.034362110508884935e-01
2.034576666158448566e-01
2.034729947904043712e-01
2.034821928037982564e-01
2.087598440684223233e-01
2.090086389966165359e-01
2.092515424925311118e-01
2.094885113831928825e-01
2.097195034031551775e-01
2.099444772127898318e-01
2.101633924162696065e-01
2.103762095792272580e-01
2.105828902460773755e-01
2.107833969569864740e-01
2.109776932644787106e-01
2.111657437496629597e-01
2.113475140380685624e-01
2.115229708150762611e-01
2.116920818409325500e-01
2.118548159653338425e-01
2.120111431415694359e-01
2.121610344402106718e-01
2.123044620623352197e-01
2.124413993522752397e-01
2.125718208098787698e-01
2.126957021022732874e-01
2.128130200751225942e-01
2.129237527633660865e-01
2.130278794014322241e-01
2.131253804329165669e-01
2.132162375197167170e-01
2.133004335506158144e-01
2.133779526493072010e-01
2.134487801818532315e-01
2.135129027635719323e-01
2.135703082653451490e-01
2.136209858193430788e-01
2.136649258241593297e-01
2.137021199493532586e-01
2.137325611393943170e-01
2.137562436170057367e-01
2.137731628859041166e-01
2.137833157329330491e-01
2.196095165387561554e-01
2.198777007479098267e-01
2.201393631653347227e-01
2.203944548573762430e-01
2.206429279484350414e-01
2.208847356427730557e-01
2.211198322459388410e-01
2.213481731857949719e-01
2.215697150331291110e-01
2.217844155218326174e-01
2.219922335686282111e-01
2.221931292923311763e-01
2.223870640326269243e-01
2.225740003683485402e-01
2.227539021352393789e-01
2.229267344431841713e-01
2.230924636928942606e-01
2.232510575920320928e-01
2.234024851707606951e-01
2.235467167967040147e-01
2.236837241893055994e-01
2.238134804335719097e-01
2.239359599931881606e-01
2.240511387229952855e-01
2.241589938808160598e-01
2.242595041386200305e-01
2.243526495930170950e-01
2.244384117750700125e-01
2.245167736594167462e-01
2.245877196726946134e-01
2.246512357012581673e-01
2.247073090981837329e-01
2.247559286895542408e-01
2.247970847800185856e-01
2.248307691576200140e-01
2.248569750978895443e-01
2.248756973672002002e-01
2.248869322253790048e-01
2.313275176806868227e-01
2.316171589783131979e-01
2.318995615212112171e-01
2.321746696678356203e-01
2.324424290151658468e-01
2.327027864248187861e-01
2.329556900486910720e-01
2.332010893541079932e-01
2.334389351484574548e-01
2.336691796032866197e-01
2.338917762778402187e-01
2.341066801420188526e-01
2.343138475987371072e-01
2.345132365056607215e-01
2.347048061963031285e-01
2.348885175004619963e-01
2.350643327639768410e-01
2.352322158677892516e-01
2.353921322462883825e-01
2.355440489049236141e-01
2.356879344370691187e-01
2.358237590401229544e-01
2.359514945308267275e-01
2.360711143597900852e-01
2.361825936252071323e-01
2.362859090857510336e-01
2.363810391726343108e-01
2.364679640008238992e-01
2.365466653793993623e-01
2.366171268210444656e-01
2.366793335506634233e-01
2.367332725131122972e-01
2.367789323800392476e-01
2.368163035558260299e-01
2.368453781826256044e-01
2.368661501444901119e-01
2.368786150705862181e-01
2.440090402479750953e-01
2.443224895499633564e-01
2.446278818531135990e-01
2.449251536740573998e-01
2.452142429853619854e-01
2.454950892469497103e-01
2.457676334369318927e-01
2.460318180818283351e-01
2.462875872861450544e-01
2.465348867612817407e-01
2.467736638537425531e-01
2.470038675726225486e-01
2.472254486163444898e-01
2.474383593986195229e-01
2.476425540736071906e-01
2.478379885602500776e-01
2.480246205657594682e-01
2.482024096082288411e-01
2.483713170383531343e-01
2.485313060602317436e-01
2.486823417512354917e-01
2.488243910809165294e-01
2.489574229289433782e-01
2.490814081020421566e-01
2.491963193499273643e-01
2.493021313802060712e-01
2.493988208722400790e-01
2.494863664899521771e-01
2.495647488935634484e-01
2.496339507502493282e-01
2.496939567437038987e-01
2.497447535826019249e-01
2.497863300079509186e-01
2.498186767993245128e-01
2.498417867799717085e-01
2.498556548207958861e-01
2.577626882985616930e-01
2.581026274339056625e-01
2.584335723819360942e-01
2.587554504535440891e-01
2.590681906788062094e-01
2.593717238449788631e-01
2.596659825337589989e-01
2.599509011577764706e-01
2.602264159962796031e-01
2.604924652299815402e-01
2.607489889750301826e-01
2.609959293160690752e-01
2.612332303383553822e-01
2.614608381589023089e-01
2.616787009566141631e-01
2.618867690013830241e-01
2.620849946821174337e-01
2.622733325336731869e-01
2.624517392626584678e-01
2.626201737720869622e-01
2.627785971848514701e-01
2.629269728659949235e-01
2.630652664437538868e-01
2.631934458293526680e-01
2.633114812355267786e-01
2.634193451937562602e-01
2.635170125701891686e-01
2.636044605802398966e-01
2.636816688018446819e-01
2.637486191873613106e-01
2.638052960740993047e-01
2.638516861934695479e-01
2.638877786787430790e-01
2.639135650714111159e-01
2.639290393261385925e-01
2.727128101100173008e-01
2.730823093118175948e-01
2.734417368298289741e-01
2.737910091204338592e-01
2.741300446796695045e-01
2.744587640894166625e-01
2.747770900626642088e-01
2.750849474878037104e-01
2.753822634719074736e-01
2.756689673829441634e-01
2.759449908908887528e-01
2.762102680076815031e-01
2.764647351259943431e-01
2.767083310567625687e-01
2.769409970654409525e-01
2.771626769069449603e-01
2.773733168592389942e-01
2.775728657555345813e-01
2.777612750150621479e-01
2.779384986723838491e-01
2.781044934052128714e-01
2.782592185607091761e-01
2.784026361802218741e-01
2.785347110224501432e-01
2.786554105849965435e-01
2.787647051242880814e-01
2.788625676738424874e-01
2.789489740608590007e-01
2.790239029211141752e-01
2.790873357121461118e-01
2.791392567247114598e-01
2.791796530925025888e-01
2.792085148001131056e-01
2.792258346892429466e-01
2.890023186410605183e-01
2.894049060326746026e-01
2.897961779589967035e-01
2.901760380182475951e-01
2.905443922406509838e-01
2.909011491448985631e-01
2.912462197934430619e-01
2.915795178465591109e-01
2.919009596151121433e-01
2.922104641119764312e-01
2.925079531020450263e-01
2.927933511507746500e-01
2.930665856712108552e-01
2.933275869694391691e-01
2.935762882884108138e-01
2.938126258500911581e-01
2.940365388958826598e-01
2.942479697252753379e-01
2.944468637326776439e-01
2.946331694423870995e-01
2.948068385416563464e-01
2.949678259118170831e-01
2.951160896574242520e-01
2.952515911333850607e-01
2.953742949700410292e-01
2.954841690961719780e-01
2.955811847598946440e-01
2.956653165474307787e-01
2.957365423997206921e-01
2.957948436268640346e-01
2.958402049203678330e-01
2.958726143631890126e-01
2.958920634375576397e-01
3.067961195582090128e-01
3.072358655812800765e-01
3.076628543076799227e-01
3.080769740289238667e-01
3.084781159517783755e-01
3.088661742676981903e-01
3.092410462207667021e-01
3.096026321740593668e-01
3.099508356743537751e-01
3.102855635151084424e-01
3.106067257976359297e-01
3.109142359903973030e-01
3.112080109863450406e-01
3.114879711582458910e-01
3.117540404119155673e-01
3.120061462372991645e-01
3.122442197573356282e-01
3.124681957745432670e-01
3.126780128152705784e-01
3.128736131715546542e-01
3.130549429405359296e-01
3.132219520613783725e-01
3.133745943496488162e-01
3.135128275291110822e-01
3.136366132608948698e-01
3.137459171700009986e-01
3.138407088691104185e-01
3.139209619796640149e-01
3.139866541501887820e-01
3.140377670718437764e-01
3.140742864911682530e-01
3.140962022200133319e-01
3.262853011369167278e-01
3.267669217077708299e-01
3.272341060263187495e-01
3.276867240674299353e-01
3.281246493202458758e-01
3.285477588741071986e-01
3.289559335025534770e-01
3.293490577452913848e-01
3.297270199880281694e-01
3.300897125400704679e-01
3.304370317095895460e-01
3.307688778764570903e-01
3.310851555625572429e-01
3.313857734994843374e-01
3.316706446935381303e-01
3.319396864879300968e-01
3.321928206221209656e-01
3.324299732882083358e-01
3.326510751842908786e-01
3.328560615647378484e-01
3.330448722872947354e-01
3.332174518569632760e-01
3.333737494665952039e-01
3.335137190341456725e-01
3.336373192365336693e-01
3.337445135400654017e-01
3.338352702273778561e-01
3.339095624208644475e-01
3.339673681025531748e-01
3.340086701304069705e-01
3.340334562510256511e-01
3.476922858781805181e-01
3.482212691732728405e-01
3.487338517653341685e-01
3.492298815892880270e-01
3.497092108419167511e-01
3.501716960889064145e-01
3.506171983693901484e-01
3.510455832978500168e-01
3.514567211632424470e-01
3.518504870252137651e-01
3.522267608072748302e-01
3.525854273868087585e-01
3.529263766817867798e-01
3.532495037340729338e-01
3.535547087892019769e-01
3.538418973725173666e-01
3.541109803615639651e-01
3.543618740546313206e-01
3.545945002353510511e-01
3.548087862332554576e-01
3.550046649802106602e-01
3.551820750626429324e-01
3.553409607694826278e-01
3.554812721357559768e-01
3.556029649817616933e-01
3.557060009477748808e-01
3.557903475242272795e-01
3.558559780773203896e-01
3.559028718700327776e-01
3.559310140784919252e-01
3.712772046452519903e-01
3.718599679069168329e-01
3.724240202367873342e-01
3.729691828933621167e-01
3.734952823367695962e-01
3.740021503630707178e-01
3.744896242352856452e-01
3.749575468109566656e-01
3.754057666660675086e-01
3.758341382151395016e-01
3.762425218273311445e-01
3.766307839383712941e-01
3.769987971581615915e-01
3.773464403738879813e-01
3.776735988484893891e-01
3.779801643143334555e-01
3.782660350619609924e-01
3.785311160237619932e-01
3.787753188524577430e-01
3.789985619942678463e-01
3.792007707566503738e-01
3.793818773705099900e-01
3.795418210467787490e-01
3.796805480272803512e-01
3.797980116298003139e-01
3.798941722872902771e-01
3.799689975811454956e-01
3.800224622685037801e-01
3.800545483035227545e-01
3.973458364753876815e-01
3.979899212407385645e-01
3.986125633990123540e-01
3.992135517176153003e-01
3.997926813560984116e-01
4.003497540359390316e-01
4.008845782059910490e-01
4.013969692033521608e-01
4.018867494094029436e-01
4.023537484007759235e-01
4.027978030950217780e-01
4.032187578907427405e-01
4.036164648019734957e-01
4.039907835865953478e-01
4.043415818685789365e-01
4.046687352538581028e-01
4.049721274396489989e-01
4.052516503170348616e-01
4.055072040666503064e-01
4.057386972473073783e-01
4.059460468774177544e-01
4.061291785090758721e-01
4.062880262946803045e-01
4.064225330459827479e-01
4.065326502854653690e-01
4.066183382899608567e-01
4.066795661264423489e-01
4.067163116799222267e-01
4.262595695104170468e-01
4.269738864062969652e-01
4.276635118638978938e-01
4.283281948119835869e-01
4.289676920921270953e-01
4.295817686750871833e-01
4.301701978714009278e-01
4.307327615358502726e-01
4.312692502654656979e-01
4.317794635907401535e-01
4.322632101597324583e-01
4.327203079147515230e-01
4.331505842613204149e-01
4.335538762291332171e-01
4.339300306247259043e-01
4.342789041755997781e-01
4.346003636655448310e-01
4.348942860609267824e-01
4.351605586277169091e-01
4.353990790390571686e-01
4.356097554731698795e-01
4.357925067014388754e-01
4.359472621665038128e-01
4.360739620502283587e-01
4.361725573314204074e-01
4.362430098332004680e-01
4.362852922599320671e-01
4.584479931400088915e-01
4.592431311562539253e-01
4.600096896951894609e-01
4.607473684871192798e-01
4.614558771348007404e-01
4.621349353916025526e-01
4.627842734318567963e-01
4.634036321129327840e-01
4.639927632285672510e-01
4.645514297530002334e-01
4.650794060754753767e-01
4.655764782246808453e-01
4.660424440827183323e-01
4.664771135882085917e-01
4.668803089281545748e-01
4.672518647182070106e-01
4.675916281709914801e-01
4.678994592521825147e-01
4.681752308240264004e-01
4.684188287760422398e-01
4.686301521426486927e-01
4.688091132074938550e-01
4.689556375942851574e-01
4.690696643439458691e-01
4.691511459779471038e-01
4.692000485476957028e-01
4.944249467284930755e-01
4.953135671220031400e-01
4.961689237762297866e-01
4.969906551962393615e-01
4.977784123090476798e-01
4.985318588245405413e-01
4.992506715857387145e-01
4.999345409077451952e-01
5.005831709047250389e-01
5.011962798042886025e-01
5.017736002486643532e-01
5.023148795820723267e-01
5.028198801237284687e-01
5.032883794259376264e-01
5.037201705167566601e-01
5.041150621267393994e-01
5.044728788993032564e-01
5.047934615842885053e-01
5.050766672143131020e-01
5.053223692635628872e-01
5.055304577886851058e-01
5.057008395514970278e-01
5.058334381232528765e-01
5.059281939702515718e-01
5.059850645206072084e-01
5.348091534066071739e-01
5.358064957561937680e-01
5.367648899752923697e-01
5.376838977458417990e-01
5.385630965228218603e-01
5.394020800072750754e-01
5.402004586046000867e-01
5.409578598671760385e-01
5.416739289204014485e-01
5.423483288712547257e-01
5.429807411985168031e-01
5.435708661238228823e-01
5.441184229627493707e-01
5.446231504551779512e-01
5.450848070742172480e-01
5.455031713130079618e-01
5.458780419487797575e-01
5.462092382835761484e-01
5.464966003611123613e-01
5.467399891592836791e-01
5.469392867578910522e-01
5.470943964812098326e-01
5.472052430150776692e-01
5.472717724982404386e-01
5.803509994435716024e-01
5.814755378593561286e-01
5.825541761198754775e-01
5.835863786512023310e-01
5.845716301062858777e-01
5.855094359916290792e-01
5.863993232733337724e-01
5.872408409611553637e-01
5.880335606692570494e-01
5.887770771523817004e-01
5.894710088162167239e-01
5.901149982007646289e-01
5.907087124355967500e-01
5.912518436659157661e-01
5.917441094484228170e-01
5.921852531160434197e-01
5.925750441106425459e-01
5.929132782829256154e-01
5.931997781588015384e-01
5.934343931715628795e-01
5.936169998593145980e-01
5.937475020271719695e-01
5.938258308738293412e-01
6.319676436600129010e-01
6.332419462636005303e-01
6.344617742403703131e-01
6.356264677036552735e-01
6.367353929847303640e-01
6.377879434728358499e-01
6.387835404258617178e-01
6.397216337497211303e-01
6.406017027444953493e-01
6.414232568154984993e-01
6.421858361474783727e-01
6.428890123402491996e-01
6.435323890041382278e-01
6.441156023137154518e-01
6.446383215183778548e-01
6.451002494084597805e-01
6.455011227356498571e-01
6.458407125866125753e-01
6.461188247088256453e-01
6.463352997877720441e-01
6.464900136747497861e-01
6.465828775646912385e-01
6.907895553107232800e-01
6.922414221922797983e-01
6.936281412726176265e-01
6.949488921023209143e-01
6.962028886149211893e-01
6.973893802672960218e-01
6.985076531376847031e-01
6.995570309783938345e-01
7.005368762203565414e-01
7.014465909268099431e-01
7.022856176934719752e-01
7.030534404927223369e-01
7.037495854594285616e-01
7.043736216162057584e-01
7.049251615360566658e-01
7.054038619404998656e-01
7.058094242314764122e-01
7.061415949554983307e-01
7.064001661987009406e-01
7.065849759116484829e-01
7.066959081629515804e-01
7.582229383436864811e-01
7.598869259794460707e-01
7.614723463324152286e-01
7.629781692026459394e-01
7.644034100610724858e-01
7.657471316192893118e-01
7.670084453370192845e-01
7.681865128628555528e-01
7.692805474040026459e-01
7.702898150209139816e-01
7.712136358429098060e-01
7.720513852010661981e-01
7.728024946748882629e-01
7.734664530495262147e-01
7.740428071805459664e-01
7.745311627635417251e-01
7.749311850061595397e-01
7.752425992004058353e-01
7.754651911934148378e-01
7.755988077551764226e-01
8.360345559864661436e-01
8.379540455327715298e-01
8.397779088511593271e-01
8.415048383169090318e-01
8.431335878279458962e-01
8.446629749986518387e-01
8.460918832603050443e-01
8.474192638613353701e-01
8.486441377608426873e-01
8.497655974091009590e-01
8.507828084090931497e-01
8.516950110534643459e-01
8.525015217316662675e-01
8.532017342024632578e-01
8.537951207274129262e-01
8.542812330613805960e-01
8.546597032966373186e-01
8.549302445575772680e-01
8.550926515436164665e-01
9.264686359132527915e-01
9.286986786713424813e-01
9.308111456992751442e-01
9.328043574164319729e-01
9.346767184131464790e-01
9.364267205680754103e-01
9.380529460226428862e-01
9.395540700018479852e-01
9.409288634711570065e-01
9.421761956196944565e-01
9.432950361604918177e-01
9.442844574391603407e-01
9.451436363430041343e-01
9.458718560032955969e-01
9.464685072841778624e-01
9.469330900524491890e-01
9.472652142233041195e-01
9.474646005779604474e-01
1.032410509735622650e+00
1.035021801814176357e+00
1.037486895379915453e+00
1.039803604631105882e+00
1.041969860919926161e+00
1.043983717264276301e+00
1.045843352635609236e+00
1.047547076005532096e+00
1.049093330134692748e+00
1.050480695088347849e+00
1.051707891463979694e+00
1.052773783317410672e+00
1.053677380775025041e+00
1.054417842320959586e+00
1.054994476749445242e+00
1.055406744773878192e+00
1.055654260285644463e+00
1.157619624130698410e+00
1.160704152072990381e+00
1.163604596579594253e+00
1.166318071386236443e+00
1.168841856447905725e+00
1.171173404603098600e+00
1.173310347877756676e+00
1.175250503400364632e+00
1.176991878901101352e+00
1.178532677769548398e+00
1.179871303647268332e+00
1.181006364533540243e+00
1.181936676384687912e+00
1.182661266189723115e+00
1.183179374507456139e+00
1.183490457452756051e+00
1.307067686831083320e+00
1.310746896269719741e+00
1.314191035496428794e+00
1.317396230981165539e+00
1.320358850160281872e+00
1.323075511505828361e+00
1.325543093997937349e+00
1.327758745951720387e+00
1.329719893152833343e+00
1.331424246258951394e+00
1.332869807427853104e+00
1.334054876136582690e+00
1.334978054160261607e+00
1.335638249683457790e+00
1.336034680521627882e+00
1.487439871627667332e+00
1.491876731573448467e+00
1.496008601452282871e+00
1.499830187243826662e+00
1.503336552860558006e+00
1.506523135753485176e+00
1.509385761495551925e+00
1.511920657257333822e+00
1.514124464095047973e+00
1.515994247977071385e+00
1.517527509482039960e+00
1.518722192109121405e+00
1.519576689149161108e+00
1.520089849074015120e+00
1.707895545625187861e+00
1.713312779247934348e+00
1.718327074700348733e+00
1.722931046143401090e+00
1.727117854362960614e+00
1.730881231659006092e+00
1.734215504916532868e+00
1.737115616702399112e+00
1.739577144243707130e+00
1.741596316156228674e+00
1.743170026805755501e+00
1.744295848200913435e+00
1.744972039332801872e+00
1.981254268488012560e+00
1.987962620784957446e+00
1.994127435298162165e+00
1.999738163630980781e+00
2.004785119217154410e+00
2.009259518328289307e+00
2.013153517703750506e+00
2.016460248506957598e+00
2.019173846337154021e+00
2.021289477054251549e+00
2.022803358205988111e+00
2.023712775881006287e+00
2.325902151437424514e+00
2.334345514604809324e+00
2.342037743966516317e+00
2.348963363844621455e+00
2.355108308609526802e+00
2.360459992803058515e+00
2.365007374663663064e+00
2.368741012464173679e+00
2.371653113131702462e+00
2.373737572686251518e+00
2.374990008108687878e+00
2.768965688769119193e+00
2.779795568409283657e+00
2.789557521069184087e+00
2.798228123913575338e+00
2.805786363707239772e+00
2.812213761970889347e+00
2.817494486464823034e+00
2.821615447761999462e+00
2.824566379821993323e+00
2.826339903646593932e+00
3.351816182131086119e+00
3.366019353267636127e+00
3.378651899994607355e+00
3.389677055445341480e+00
3.399062389636403836e+00
3.406780044213857384e+00
3.412806936809853031e+00
3.417124932245522384e+00
3.419720978230309072e+00
4.140087207256705426e+00
4.159214418524423529e+00
4.175934869057105203e+00
4.190188304022128385e+00
4.201922780353391396e+00
4.211095133269642687e+00
4.217671369283838345e+00
4.221626979095512766e+00
5.242987585078878965e+00
5.269584923924662156e+00
5.292302046023313444e+00
5.311034983806881549e+00
5.325696985035805575e+00
5.336219504546330761e+00
5.342552998733831160e+00
6.853251116991737391e+00
6.891724184573604362e+00
6.923524926636024368e+00
6.948462466809596449e+00
6.966385264624914697e+00
6.977183392803653739e+00
9.337382058419237296e+00
9.395853455378485819e+00
9.441839971212234062e+00
9.474964049856694714e+00
9.494950290745006072e+00
1.346407741307054451e+01
1.355870822178136592e+01
1.362712017685542953e+01
1.366849972898208954e+01
2.107833969569864863e+01
2.124413993522752619e+01
2.134487801818532304e+01
3.758341382151394328e+01
3.789985619942677886e+01
8.497655974091010478e+01
