7.183775201208661201e+03
1.436755040241732240e+04
2.155132560362598088e+04
2.873510080483464480e+04
3.591887600604330510e+04
4.310265120725196175e+04
5.028642640846062568e+04
5.747020160966928961e+04
6.465397681087793899e+04
7.183775201208661019e+04
7.902152721329526685e+04
8.620530241450392350e+04
9.338907761571258015e+04
1.005728528169212514e+05
1.077566280181299080e+05
1.149404032193385792e+05
1.221241784205472359e+05
1.293079536217558780e+05
1.364917288229645637e+05
1.436755040241732204e+05
1.508592792253818770e+05
1.580430544265905337e+05
1.652268296277991903e+05
1.724106048290078470e+05
1.795943800302165328e+05
1.867781552314251603e+05
1.939619304326338170e+05
2.011457056338425027e+05
2.083294808350511594e+05
