3.697329020724282600e-07
5.977426469326019287e-02
1.206951960921287537e-01
2.322860211133956909e-01
2.864033877849578857e-01
4.619103372097015381e-01
4.842826128005981445e-01
5.500140190124511719e-01
7.040836215019226074e-01
7.908315658569335938e-01
8.359035253524780273e-01
9.622101187705993652e-01
1.026041984558105469e+00
1.082115054130554199e+00
1.159423828125000000e+00
1.236420869827270508e+00
1.312077403068542480e+00
1.349155068397521973e+00
1.394684195518493652e+00
1.487035989761352539e+00
1.513992667198181152e+00
1.587202787399291992e+00
1.587203264236450195e+00
1.587203383445739746e+00
1.629992842674255371e+00
1.697148323059082031e+00
1.724417805671691895e+00
1.817904233932495117e+00
1.829421758651733398e+00
1.876604914665222168e+00
2.012844085693359375e+00
2.063758611679077148e+00
2.148365497589111328e+00
2.262308597564697266e+00
2.284721136093139648e+00
2.406655788421630859e+00
2.425402879714965820e+00
2.627495765686035156e+00
2.667609214782714844e+00
2.798327922821044922e+00
2.849126100540161133e+00
2.961915969848632812e+00
3.097985267639160156e+00
3.137297391891479492e+00
3.293905973434448242e+00
