-4.017703147951579012e-08
4.194739158265292645e-04
1.613983418792486191e-03
3.401351394131779671e-03
5.508864764124155045e-03
7.615146227180957794e-03
9.399077855050563812e-03
1.058971136808395386e-02
1.101483963429927826e-02
1.510882470756769180e-02
1.553396601229906082e-02
1.672620885074138641e-02
1.851063221693038940e-02
2.061509899795055389e-02
2.271894365549087524e-02
2.450170367956161499e-02
2.569257095456123352e-02
2.611763775348663330e-02
5.812452733516693115e-02
5.855673551559448242e-02
5.974601581692695618e-02
6.152487173676490784e-02
6.362221390008926392e-02
6.571852415800094604e-02
6.749487668275833130e-02
6.868173927068710327e-02
6.911553442478179932e-02
1.225091144442558289e-01
1.229585483670234680e-01
1.241405904293060303e-01
1.259064376354217529e-01
1.279878169298171997e-01
1.300677061080932617e-01
1.318300962448120117e-01
1.330091804265975952e-01
1.334612965583801270e-01
1.984670907258987427e-01
1.989495009183883667e-01
2.001210004091262817e-01
2.018618434667587280e-01
2.039116770029067993e-01
2.059591114521026611e-01
2.076944410800933838e-01
2.088622301816940308e-01
2.093500196933746338e-01
2.744492888450622559e-01
2.749971747398376465e-01
2.761585414409637451e-01
2.778502404689788818e-01
2.798331379890441895e-01
2.818114161491394043e-01
2.834927439689636230e-01
2.846497595310211182e-01
2.852111756801605225e-01
3.389100432395935059e-01
3.395976126194000244e-01
3.407757282257080078e-01
3.423643112182617188e-01
3.441784083843231201e-01
3.459825217723846436e-01
3.475562334060668945e-01
3.487446606159210205e-01
3.494706749916076660e-01
3.820483386516571045e-01
3.830154836177825928e-01
3.843482136726379395e-01
3.856846690177917480e-01
3.868985176086425781e-01
3.882523775100708008e-01
3.898285329341888428e-01
3.913107514381408691e-01
3.923492431640625000e-01
3.972725868225097656e-01
3.985745906829833984e-01
4.004400670528411865e-01
4.025510847568511963e-01
4.045977294445037842e-01
4.063009619712829590e-01
4.074281454086303711e-01
4.535709619522094727e-01
4.535719454288482666e-01
