-2.415194176137447357e-04
1.529057979583740234e+00
1.548776984214782715e+00
3.122895717620849609e+00
5.912582397460937500e+00
6.052527904510498047e+00
7.565919876098632812e+00
7.716355800628662109e+00
1.208406352996826172e+01
1.277343559265136719e+01
1.297821235656738281e+01
1.442115402221679688e+01
1.490881347656250000e+01
1.894206047058105469e+01
1.916869354248046875e+01
2.108471298217773438e+01
2.202785491943359375e+01
2.337929534912109375e+01
2.393457984924316406e+01
2.576864433288574219e+01
2.782909965515136719e+01
2.824559402465820312e+01
2.999954986572265625e+01
3.228410720825195312e+01
3.255228424072265625e+01
3.355900955200195312e+01
3.455323791503906250e+01
3.509044647216796875e+01
3.680529785156250000e+01
3.820438385009765625e+01
3.875873565673828125e+01
4.051276397705078125e+01
4.169232940673828125e+01
4.280834579467773438e+01
4.318493270874023438e+01
4.342809677124023438e+01
4.422323608398437500e+01
4.528180313110351562e+01
4.637796401977539062e+01
4.738727569580078125e+01
4.781023788452148438e+01
4.805445098876953125e+01
5.138685607910156250e+01
5.176160430908203125e+01
5.182071304321289062e+01
5.303593826293945312e+01
5.397684478759765625e+01
5.473407363891601562e+01
5.509140777587890625e+01
5.621454238891601562e+01
5.781271743774414062e+01
5.790880584716796875e+01
6.014373397827148438e+01
6.091230773925781250e+01
6.152851867675781250e+01
6.252410507202148438e+01
6.284981536865234375e+01
6.414691162109375000e+01
6.542253875732421875e+01
6.646459960937500000e+01
6.788282012939453125e+01
6.884146118164062500e+01
7.087111663818359375e+01
7.167620086669921875e+01
7.284841156005859375e+01
7.526491546630859375e+01
7.618427276611328125e+01
7.645371246337890625e+01
7.967163085937500000e+01
7.992246246337890625e+01
8.190170288085937500e+01
8.276794433593750000e+01
8.326761627197265625e+01
8.566716003417968750e+01
8.710941314697265625e+01
8.784127807617187500e+01
8.950372314453125000e+01
8.994019317626953125e+01
9.201982879638671875e+01
9.373766326904296875e+01
9.546459197998046875e+01
9.585284423828125000e+01
9.628308105468750000e+01
9.982347869873046875e+01
9.994426727294921875e+01
1.017837905883789062e+02
1.036632308959960938e+02
1.042680358886718750e+02
1.044928894042968750e+02
1.069678192138671875e+02
1.119756393432617188e+02
1.143864440917968750e+02
1.145243682861328125e+02
1.205192413330078125e+02
1.217381744384765625e+02
1.237987899780273438e+02
1.303322448730468750e+02
1.316920013427734375e+02
1.327119903564453125e+02
1.424063568115234375e+02
1.505901489257812500e+02
1.803368682861328125e+02
1.862342987060546875e+02
2.162250823974609375e+02
2.377561950683593750e+02
2.390160827636718750e+02
2.441039123535156250e+02
2.527870635986328125e+02
2.536806793212890625e+02
2.567608947753906250e+02
2.579092712402343750e+02
2.631004638671875000e+02
2.672926330566406250e+02
2.765056457519531250e+02
2.777508239746093750e+02
3.364772949218750000e+02
3.458076782226562500e+02
3.597555236816406250e+02
3.606466064453125000e+02
3.712605590820312500e+02
3.799413452148437500e+02
3.817942810058593750e+02
3.852591247558593750e+02
4.019992065429687500e+02
4.129707031250000000e+02
4.145594177246093750e+02
4.357887573242187500e+02
4.416852416992187500e+02
4.588165893554687500e+02
4.719681701660156250e+02
4.725854492187500000e+02
4.855850219726562500e+02
5.139717407226562500e+02
5.285703735351562500e+02
5.285775146484375000e+02
5.372309570312500000e+02
5.392922973632812500e+02
5.471511840820312500e+02
5.600184936523437500e+02
5.819099121093750000e+02
6.102338256835937500e+02
6.104279785156250000e+02
6.237950439453125000e+02
6.342822875976562500e+02
6.464035034179687500e+02
6.671616821289062500e+02
6.798469238281250000e+02
6.827317504882812500e+02
6.861712036132812500e+02
7.169685668945312500e+02
7.318622436523437500e+02
7.511489257812500000e+02
7.599522705078125000e+02
8.200801391601562500e+02
8.245164184570312500e+02
8.246411132812500000e+02
8.247813720703125000e+02
8.304228515625000000e+02
8.713175659179687500e+02
8.781276855468750000e+02
9.159711914062500000e+02
9.248881835937500000e+02
9.266872558593750000e+02
9.285260620117187500e+02
9.480418090820312500e+02
9.568737182617187500e+02
9.772615356445312500e+02
1.003429931640625000e+03
1.013884826660156250e+03
1.040055297851562500e+03
1.071588012695312500e+03
1.080091186523437500e+03
1.117629760742187500e+03
1.132771118164062500e+03
1.190517578125000000e+03
1.193185791015625000e+03
1.201633789062500000e+03
1.203810424804687500e+03
1.265388183593750000e+03
1.294784301757812500e+03
1.324309814453125000e+03
1.329566894531250000e+03
1.345613281250000000e+03
1.377844238281250000e+03
1.381191772460937500e+03
1.396307983398437500e+03
1.408484985351562500e+03
1.426702392578125000e+03
1.455744140625000000e+03
1.467100952148437500e+03
1.498885742187500000e+03
1.515514526367187500e+03
1.544188598632812500e+03
1.562531005859375000e+03
1.581765747070312500e+03
1.595080810546875000e+03
1.684423950195312500e+03
1.687521850585937500e+03
1.743883422851562500e+03
1.748341918945312500e+03
1.783748779296875000e+03
1.789310180664062500e+03
1.793334594726562500e+03
1.809137451171875000e+03
1.847999755859375000e+03
1.860685302734375000e+03
1.862785888671875000e+03
1.914437622070312500e+03
1.944404296875000000e+03
1.971577026367187500e+03
1.996887817382812500e+03
2.008676513671875000e+03
2.028710449218750000e+03
2.035474243164062500e+03
2.047600097656250000e+03
2.089764892578125000e+03
2.102761962890625000e+03
2.137324462890625000e+03
2.161093505859375000e+03
2.200025390625000000e+03
2.295014160156250000e+03
2.304517822265625000e+03
2.318909179687500000e+03
2.334773925781250000e+03
2.418405761718750000e+03
2.424389160156250000e+03
2.426890380859375000e+03
2.456506103515625000e+03
2.476361328125000000e+03
2.508505859375000000e+03
2.570813720703125000e+03
2.635895996093750000e+03
2.670740478515625000e+03
2.721216308593750000e+03
2.767342041015625000e+03
2.774263671875000000e+03
2.780969726562500000e+03
2.809282470703125000e+03
2.857909912109375000e+03
2.858714599609375000e+03
2.899783935546875000e+03
2.933153076171875000e+03
2.953322509765625000e+03
2.974705322265625000e+03
3.080727294921875000e+03
3.101403564453125000e+03
3.121664306640625000e+03
3.143361816406250000e+03
3.147070800781250000e+03
3.152413574218750000e+03
3.176339355468750000e+03
3.217942138671875000e+03
3.222647705078125000e+03
3.234253662109375000e+03
3.258013183593750000e+03
3.258451660156250000e+03
3.277355712890625000e+03
3.295471191406250000e+03
3.391867187500000000e+03
3.392127685546875000e+03
3.397383056640625000e+03
3.441201904296875000e+03
3.474721191406250000e+03
3.479347412109375000e+03
3.506880615234375000e+03
3.517383056640625000e+03
3.555288818359375000e+03
3.580365966796875000e+03
3.602281738281250000e+03
3.609951416015625000e+03
3.624308105468750000e+03
3.628722412109375000e+03
3.659046386718750000e+03
3.711534667968750000e+03
3.744670898437500000e+03
3.775603271484375000e+03
3.788187255859375000e+03
3.811325195312500000e+03
3.818434814453125000e+03
3.847132812500000000e+03
3.887795166015625000e+03
3.893412597656250000e+03
3.924641845703125000e+03
3.971477050781250000e+03
4.002336669921875000e+03
4.018615234375000000e+03
4.036137207031250000e+03
4.060074462890625000e+03
4.083081787109375000e+03
4.099639160156250000e+03
4.134538574218750000e+03
4.210173828125000000e+03
4.246686523437500000e+03
4.303073730468750000e+03
4.344509277343750000e+03
4.346173339843750000e+03
4.378361328125000000e+03
4.486988769531250000e+03
4.495525878906250000e+03
4.529549316406250000e+03
4.585136230468750000e+03
4.591270019531250000e+03
4.619602050781250000e+03
4.627895507812500000e+03
4.664222167968750000e+03
4.670301269531250000e+03
4.709813476562500000e+03
4.715334472656250000e+03
4.840379394531250000e+03
4.902359375000000000e+03
4.910843261718750000e+03
4.912592773437500000e+03
5.033594238281250000e+03
5.101902343750000000e+03
5.282970703125000000e+03
5.429855468750000000e+03
5.466608886718750000e+03
5.522010253906250000e+03
5.546935546875000000e+03
5.668317871093750000e+03
5.819623535156250000e+03
5.892418945312500000e+03
5.894330566406250000e+03
6.049486816406250000e+03
6.062598632812500000e+03
6.265650878906250000e+03
6.332431152343750000e+03
6.545997558593750000e+03
6.618359863281250000e+03
7.087796386718750000e+03
7.102390136718750000e+03
7.138839355468750000e+03
7.206326660156250000e+03
7.298133300781250000e+03
7.450621582031250000e+03
7.563755371093750000e+03
7.615267089843750000e+03
7.866826171875000000e+03
8.148722167968750000e+03
8.570559570312500000e+03
8.752925781250000000e+03
8.896807617187500000e+03
9.283071289062500000e+03
9.376872070312500000e+03
9.815609375000000000e+03
1.067985644531250000e+04
1.137262304687500000e+04
1.170730761718750000e+04
1.172962890625000000e+04
1.197805468750000000e+04
1.312877832031250000e+04
1.324363671875000000e+04
1.422536328125000000e+04
1.543389941406250000e+04
2.737544921875000000e+04
5.631908984375000000e+04
