-4.341031853982713073e-07
4.392308183014392853e-04
1.754633267410099506e-03
3.947712946683168411e-03
7.017218973487615585e-03
1.097008772194385529e-02
1.580672152340412140e-02
2.152050100266933441e-02
2.809338457882404327e-02
3.549761697649955750e-02
4.383926093578338623e-02
5.308428406715393066e-02
6.339056789875030518e-02
7.436002045869827271e-02
8.607541024684906006e-02
9.849063307046890259e-02
1.116452664136886597e-01
1.262271851301193237e-01
1.426883786916732788e-01
1.594429612159729004e-01
1.760653108358383179e-01
1.927846968173980713e-01
2.105143219232559204e-01
2.289373129606246948e-01
2.513868808746337891e-01
2.769603729248046875e-01
2.965970039367675781e-01
3.172879517078399658e-01
3.364991843700408936e-01
3.592982888221740723e-01
3.871197998523712158e-01
4.167110621929168701e-01
4.477783739566802979e-01
4.700222611427307129e-01
4.868851602077484131e-01
5.112484693527221680e-01
5.443063974380493164e-01
5.755549669265747070e-01
6.116213798522949219e-01
6.315281987190246582e-01
6.508182883262634277e-01
6.743429303169250488e-01
7.110551595687866211e-01
7.496528625488281250e-01
7.777389287948608398e-01
7.986080646514892578e-01
8.062316179275512695e-01
8.305750489234924316e-01
8.713909387588500977e-01
9.117851257324218750e-01
9.203126430511474609e-01
9.352877736091613770e-01
9.358918070793151855e-01
9.888809919357299805e-01
1.016061544418334961e+00
1.016088485717773438e+00
1.032980799674987793e+00
1.046544075012207031e+00
1.057042479515075684e+00
1.208401322364807129e+00
1.208647370338439941e+00
1.260744214057922363e+00
1.261235594749450684e+00
1.910091161727905273e+00
1.910092830657958984e+00
3.736530065536499023e+00
3.816880226135253906e+00
3.816888809204101562e+00
3.873286962509155273e+00
3.873292207717895508e+00
3.977078437805175781e+00
3.977079391479492188e+00
4.032035827636718750e+00
4.032041072845458984e+00
4.132651805877685547e+00
4.132652759552001953e+00
4.226644992828369141e+00
4.226654529571533203e+00
4.246412277221679688e+00
4.320154190063476562e+00
4.320318698883056641e+00
4.435650825500488281e+00
4.445718765258789062e+00
4.445728778839111328e+00
4.629344940185546875e+00
4.629346370697021484e+00
4.671786785125732422e+00
4.832640171051025391e+00
4.925125598907470703e+00
4.925130367279052734e+00
5.131013870239257812e+00
5.131018638610839844e+00
5.199570178985595703e+00
5.199571609497070312e+00
5.227660655975341797e+00
5.271346569061279297e+00
5.273062229156494141e+00
5.295999050140380859e+00
5.296254158020019531e+00
5.551568031311035156e+00
5.551576614379882812e+00
5.666644573211669922e+00
5.666651248931884766e+00
5.689302444458007812e+00
5.698987007141113281e+00
5.698996543884277344e+00
5.922118186950683594e+00
5.922121047973632812e+00
6.008883476257324219e+00
6.008888244628906250e+00
6.013993740081787109e+00
6.014015674591064453e+00
6.073515415191650391e+00
6.073522090911865234e+00
6.157269001007080078e+00
6.157275199890136719e+00
6.262825012207031250e+00
6.262842655181884766e+00
6.375163078308105469e+00
6.375168800354003906e+00
6.471064567565917969e+00
6.485497951507568359e+00
6.654090404510498047e+00
6.654092311859130859e+00
6.699697017669677734e+00
6.699706554412841797e+00
6.916584968566894531e+00
6.916904449462890625e+00
7.180639743804931641e+00
7.180644512176513672e+00
7.489578247070312500e+00
7.489583969116210938e+00
7.593377113342285156e+00
7.593400001525878906e+00
7.616652965545654297e+00
7.616659641265869141e+00
7.791963577270507812e+00
7.924039363861083984e+00
8.192239761352539062e+00
8.192249298095703125e+00
8.358805656433105469e+00
8.358817100524902344e+00
8.626978874206542969e+00
8.710855484008789062e+00
8.710939407348632812e+00
8.779332160949707031e+00
8.779343605041503906e+00
9.010309219360351562e+00
9.010585784912109375e+00
9.030452728271484375e+00
9.149720191955566406e+00
9.149722099304199219e+00
9.719728469848632812e+00
9.746668815612792969e+00
9.746807098388671875e+00
9.874325752258300781e+00
9.874326705932617188e+00
1.037948799133300781e+01
1.037951755523681641e+01
1.053338146209716797e+01
1.054559135437011719e+01
1.075491046905517578e+01
1.075493907928466797e+01
1.084166622161865234e+01
1.084168910980224609e+01
1.113907718658447266e+01
1.113907814025878906e+01
1.117932510375976562e+01
1.119222927093505859e+01
1.119687366485595703e+01
1.119693279266357422e+01
1.123737144470214844e+01
1.202619361877441406e+01
1.202742671966552734e+01
1.207349491119384766e+01
1.207356548309326172e+01
1.275953578948974609e+01
1.282188987731933594e+01
1.282193851470947266e+01
1.295557880401611328e+01
1.303234767913818359e+01
1.303255558013916016e+01
1.370665454864501953e+01
1.370668220520019531e+01
1.424013423919677734e+01
1.424017047882080078e+01
1.462246894836425781e+01
1.462251091003417969e+01
1.642283821105957031e+01
1.642284393310546875e+01
1.672646522521972656e+01
1.672649765014648438e+01
1.756744766235351562e+01
1.756750106811523438e+01
1.770522880554199219e+01
1.770533561706542969e+01
1.867591094970703125e+01
1.867591667175292969e+01
1.877009010314941406e+01
1.877010917663574219e+01
2.007456970214843750e+01
2.007461547851562500e+01
2.255292129516601562e+01
2.255302047729492188e+01
2.273029899597167969e+01
2.273038101196289062e+01
2.469903945922851562e+01
2.469911575317382812e+01
2.619171905517578125e+01
2.619174385070800781e+01
2.860670089721679688e+01
2.860687065124511719e+01
3.040121650695800781e+01
3.040140724182128906e+01
3.063738822937011719e+01
3.063740158081054688e+01
3.077269363403320312e+01
3.077280235290527344e+01
3.232087707519531250e+01
3.232088088989257812e+01
3.373749160766601562e+01
3.373754501342773438e+01
4.079002380371093750e+01
4.079030609130859375e+01
4.114873886108398438e+01
4.114897918701171875e+01
4.856394958496093750e+01
4.856404876708984375e+01
4.874945449829101562e+01
4.874957656860351562e+01
5.522243118286132812e+01
5.522244644165039062e+01
7.235874938964843750e+01
7.235881805419921875e+01
9.660995483398437500e+01
9.660997772216796875e+01
1.719278717041015625e+02
1.719281005859375000e+02
