1.980311423320416679e+03
2.800583272582101017e+03
2.800583272582101017e+03
2.800583272582101017e+03
3.430000000000000455e+03
3.430000000000000455e+03
3.430000000000000455e+03
3.792007676973007619e+03
3.792007676973007619e+03
3.792007676973007619e+03
3.960622846640833359e+03
4.277961612211540341e+03
4.277961612211540341e+03
4.277961612211540341e+03
4.277961612211540341e+03
4.277961612211540341e+03
4.277961612211540341e+03
4.714084098622858619e+03
4.714084098622858619e+03
4.714084098622858619e+03
4.983674458781504654e+03
4.983674458781504654e+03
4.983674458781504654e+03
5.362708685398121816e+03
5.362708685398121816e+03
5.362708685398121816e+03
5.940934269961249811e+03
