1.168775261164913445e+03
1.205932154439507258e+03
1.205932154439507258e+03
1.241977902827224852e+03
1.265438110344046436e+03
1.265438110344046436e+03
1.299834743769803708e+03
1.299834743769803708e+03
1.355223823252495777e+03
2.299493192954579172e+03
2.318599942733641910e+03
2.318599942733641910e+03
2.337550522329826890e+03
2.350099347781800589e+03
2.350099347781800589e+03
2.368797942933176273e+03
2.368797942933176273e+03
2.399638502867556326e+03
3.438564307963427382e+03
3.451370923270925687e+03
3.451370923270925687e+03
3.464130193858192797e+03
3.472610329420795097e+03
3.472610329420795097e+03
3.485291845742620353e+03
3.485291845742620353e+03
3.506325783494739881e+03
