1.205932154439507258e+03
1.241977902827224852e+03
1.299834743769803708e+03
1.344328591197521064e+03
1.376755646841919315e+03
1.429166666666666742e+03
1.547728775047847876e+03
1.575976240655648780e+03
1.621962502991703786e+03
2.318599942733641910e+03
2.337550522329826890e+03
2.368797942933176273e+03
2.393502181834068324e+03
2.411864308879014516e+03
2.442161070536594707e+03
2.513383714128116935e+03
2.530876220688092872e+03
2.559764773264224459e+03
3.451370923270925687e+03
3.464130193858192797e+03
3.485291845742620353e+03
3.502129102417557078e+03
3.514704112724142306e+03
3.535563073967144646e+03
3.585129460702919459e+03
3.597414349223619865e+03
3.617796463318522001e+03
