1.400291636291050509e+03
1.715000000000000227e+03
1.715000000000000227e+03
1.980311423320416679e+03
2.138980806105770171e+03
2.138980806105770171e+03
2.357042049311429309e+03
2.357042049311429309e+03
2.425376259469858269e+03
2.619705772283089118e+03
2.619705772283089118e+03
2.681354342699060908e+03
2.800583272582101017e+03
2.914939488603875816e+03
2.914939488603875816e+03
3.078519214745225327e+03
3.078519214745225327e+03
3.333360833219897359e+03
3.523990005030598240e+03
3.660452689065778486e+03
3.660452689065778486e+03
3.792007676973007619e+03
3.877231973686611582e+03
3.877231973686611582e+03
4.001666666666666970e+03
4.001666666666666970e+03
4.200874908873151071e+03
