-2.396272773020120649e-19
1.201910556720911699e-06
1.213503256244880255e-06
2.347280950216898976e-06
2.453249817619823822e-06
4.570048335276767988e-06
4.750572614105793423e-06
5.692902757971840603e-06
5.748067880727168917e-06
5.880534483133667416e-06
5.968086879032048367e-06
8.825274720908969487e-06
9.132270365043482194e-06
9.885375556946982088e-06
9.919095936863109748e-06
1.090815260919566244e-05
1.099499267123864218e-05
1.107891656418465686e-05
1.142836953553198397e-05
1.332859478289225147e-05
1.355299449468768257e-05
1.402577342051125995e-05
1.424985659165394026e-05
1.590358880753960089e-05
1.632437166760647619e-05
1.696937005045357353e-05
1.724789827420552656e-05
1.754136722975488245e-05
1.780947561100722440e-05
1.800238427170767656e-05
1.823899057887479669e-05
1.868810061173385712e-05
1.899455801312587784e-05
2.000975063620059468e-05
2.033034360194172960e-05
2.133532929939612954e-05
2.156057293581872559e-05
2.182249125464227343e-05
2.254679320590029573e-05
2.282160225062788484e-05
2.326523770792708108e-05
2.369593796472504375e-05
2.391574296725027378e-05
2.423982724361893230e-05
2.466185901360675047e-05
2.532172059428695540e-05
2.564271414690866857e-05
2.600881974134370929e-05
2.708127174644461523e-05
2.767442331213155647e-05
2.791549170493408611e-05
2.878442484172265110e-05
2.948747286714876534e-05
2.968258632335728849e-05
3.017856593096078022e-05
3.055193007576464758e-05
3.109435588611759722e-05
3.135660937922175493e-05
3.195031049645449296e-05
3.241152198440136630e-05
3.269066150161579321e-05
3.331599420640728008e-05
3.414407319078459997e-05
3.455631540351432676e-05
3.512802790871203008e-05
3.542447723766483758e-05
3.559513453978580683e-05
3.566109357187874362e-05
3.613576281385035352e-05
3.686135291406326665e-05
3.721032076277618782e-05
3.731079234556787370e-05
3.785119501738008681e-05
3.802478937949350029e-05
3.843446784731402915e-05
3.898800936217146568e-05
3.911786150040478518e-05
3.929975033953459612e-05
3.959382709121037205e-05
3.981564233613992291e-05
4.031405903328495451e-05
4.056447822462938438e-05
4.103795943483810264e-05
4.205948874256217350e-05
4.262171193650066234e-05
4.307430627159265606e-05
4.393440986410621291e-05
4.413570180660500084e-05
4.440558188179033629e-05
4.499512316800893271e-05
4.519993204049741251e-05
4.533567618024996100e-05
4.541089832453523619e-05
4.649731447850970602e-05
4.668286171033297639e-05
4.704595069518661092e-05
4.715522128757053454e-05
4.807403869370920085e-05
4.833584536184804545e-05
4.948838324837003541e-05
4.983216277856216797e-05
5.043217183928411576e-05
5.065857019022523735e-05
5.130275779052294278e-05
5.234685315265861691e-05
5.313553225812965922e-05
5.445567833758481263e-05
5.539255586451335501e-05
5.586831985132262063e-05
5.672285971904429008e-05
5.733828247522110993e-05
5.884068277638967239e-05
5.930684602674496223e-05
6.086374397630845974e-05
6.183994504567337893e-05
6.274457758477706526e-05
6.385785209690934372e-05
6.494541012571741333e-05
6.654387940640326478e-05
6.802366418063529065e-05
6.954865746818326814e-05
7.006035937611101311e-05
7.276923346466861197e-05
7.449491047971051427e-05
7.887818134381539750e-05
7.940008594981567025e-05
8.170227928802014478e-05
9.038962597226088782e-05
9.599127313043449828e-05
9.870440868559184717e-05
1.089661710479062669e-04
1.101047840847824003e-04
1.105409586292487311e-04
1.150108801641396494e-04
1.194838112141836305e-04
1.203838362470998626e-04
1.222807834227546218e-04
1.225327063347153654e-04
1.236371204475783796e-04
1.259128054931475476e-04
1.296320535097396842e-04
1.302311434216806127e-04
1.320472482262932711e-04
1.324238458626647173e-04
1.328163313860303079e-04
1.345582495147669021e-04
1.410438266624874167e-04
1.419697776255340698e-04
1.427535925300902264e-04
1.451650039487053460e-04
1.491303638306897819e-04
1.537632560789974556e-04
1.542294129942050002e-04
1.582620374691270546e-04
1.584804089171650899e-04
1.631904760743236411e-04
1.665834903797956765e-04
1.702546394196712638e-04
1.709377142330662652e-04
1.922664629149810789e-04
2.621147691348335996e-04
2.663535935725821341e-04
2.664256767680810135e-04
2.753668316308176289e-04
2.779509476193007438e-04
2.834182409413877344e-04
2.867139170701689540e-04
2.916867642614898539e-04
2.945680147098681868e-04
2.975868751039529182e-04
2.976584294138935106e-04
3.025382118158860480e-04
3.034718393489676982e-04
3.068221713448113838e-04
3.111985039250413955e-04
3.164549029611853992e-04
3.168354506445261016e-04
3.223070669591329295e-04
3.231670254998352258e-04
3.253027270992180434e-04
3.263456548782522329e-04
3.345586831766734267e-04
3.375501708519183255e-04
3.377682154594437527e-04
3.402961226587233163e-04
3.461451165804026804e-04
3.466459796406245607e-04
3.505600611419226655e-04
3.559609679348624701e-04
3.588426235720727797e-04
3.633429356828207801e-04
3.852056304736217783e-04
3.967830920572029511e-04
4.195878034933316222e-04
4.574035449128079620e-04
4.632423387494183755e-04
4.706073370512677033e-04
4.786711762174852770e-04
4.794124555291077853e-04
4.818470781373853252e-04
4.941386928819962217e-04
5.133509243482114537e-04
5.417556664423377232e-04
5.474139007311843667e-04
5.475642939212185855e-04
5.782957387116143856e-04
5.798320091287966372e-04
5.798883658439697849e-04
5.852252731953991186e-04
5.856543284462536070e-04
5.892281893184949260e-04
5.894625490725091546e-04
5.911391230336857441e-04
5.961781394010404580e-04
6.085685971591647597e-04
6.101766941533681753e-04
6.124712183767110942e-04
6.210690671099282096e-04
6.234137646215739178e-04
6.241794007820231169e-04
6.360420779437515708e-04
6.394758053617283959e-04
6.420634946417188692e-04
6.500093105617811562e-04
6.500287185411304357e-04
6.507312627708542168e-04
6.586664241810419882e-04
6.639694394174422507e-04
7.533963308346654708e-04
7.587050668481522655e-04
8.030909639696167052e-04
8.468897742318989450e-04
8.469108911585150178e-04
8.851073759973700607e-04
9.313636803980716991e-04
9.409137251429124408e-04
9.428999726952753176e-04
9.430063366708143048e-04
9.506829747348074112e-04
9.532732377434346722e-04
9.542230601980853689e-04
9.604884409641629810e-04
9.627850323687977109e-04
9.636338164235928828e-04
9.672533006928448135e-04
9.735598302648639478e-04
9.762971031864534077e-04
9.769902724237704544e-04
9.822932181347227096e-04
9.911204624821416242e-04
1.009614996595198334e-03
1.009618279304258211e-03
1.033897934744194575e-03
1.087468961787844100e-03
1.089832576846146150e-03
1.090974630119382867e-03
1.095797247006155464e-03
1.177991270610430309e-03
1.178009757419121390e-03
1.201193226867123967e-03
1.218347032209464312e-03
1.244460570272535324e-03
1.275581100257350406e-03
1.276450884414442009e-03
1.278147600851084476e-03
1.279339577472376772e-03
1.287369900644614673e-03
1.288892867066770845e-03
1.292285692368366854e-03
1.302681243905889821e-03
1.307120082755927051e-03
1.309856679178134824e-03
1.318591550715020278e-03
1.341982066853092750e-03
1.343795208903242420e-03
1.347552868941206223e-03
1.349237662561068168e-03
1.443431731036335210e-03
1.448622292337977931e-03
1.456636103725041445e-03
1.456685846315023368e-03
1.472113213227663761e-03
1.472119374428535084e-03
1.499905841088664806e-03
1.505717047110264641e-03
1.548538704627589260e-03
1.556306912690445495e-03
1.557477365896958168e-03
1.559090014800198565e-03
1.561252901830965326e-03
1.564872509488909533e-03
1.569417902494698799e-03
1.574729653478473997e-03
1.576815243183244016e-03
1.582113131784409566e-03
1.587987983225943277e-03
1.588792148879741547e-03
1.592218552892036470e-03
1.597512175046714037e-03
1.626043199097185546e-03
1.677820965344819278e-03
1.677839547181179470e-03
1.702675563627135263e-03
1.710770234663951594e-03
1.727412948981870517e-03
1.739754735625297912e-03
1.746427293011731247e-03
1.750152564025043728e-03
1.755770000687121831e-03
1.756920279470262827e-03
1.764230133568758796e-03
1.771873606705609127e-03
1.772454873350246853e-03
1.778906741377017523e-03
1.784147257480606097e-03
1.847248191195285201e-03
1.850455494802127421e-03
1.851361903882441920e-03
