8.289116496169552500e-19
9.493322531473143193e-06
9.543294151901734576e-06
1.473734356013792911e-05
2.226756352389037475e-05
3.315579196444460962e-05
3.601416647118963447e-05
3.638846108557601544e-05
3.860599564798069492e-05
5.161725853547082036e-05
5.190559399653935216e-05
5.529342692494656071e-05
7.026992091720835054e-05
7.445973775647394014e-05
7.566345091163476924e-05
7.584235402912244790e-05
8.097582461380255106e-05
8.827187056666969251e-05
8.960089830959907945e-05
9.200945366817142232e-05
1.044204716617617778e-04
1.191882071647715685e-04
1.208770938586710810e-04
1.213506374050412191e-04
1.228420522238141274e-04
1.231820479676027367e-04
1.259134144689703330e-04
1.269275118712456254e-04
1.372065078665155393e-04
1.431048503891004095e-04
1.492908381405189317e-04
1.510071122313122829e-04
1.584942929006109282e-04
1.647469333149426216e-04
1.692998582308796263e-04
1.728424593258915949e-04
1.767122069241455274e-04
1.771772884110169532e-04
1.808144300996372548e-04
1.813383165608667034e-04
1.890356222727609839e-04
1.948765437688000028e-04
1.964441775604234956e-04
1.987600686075708788e-04
2.002981671299605183e-04
2.059652848897931907e-04
2.101334557256403731e-04
2.148863591727997264e-04
2.156728531309700888e-04
2.237234533782603621e-04
2.271791015198024535e-04
2.315334940129070188e-04
2.331630430397271813e-04
2.342349245089499394e-04
2.387375086345983489e-04
2.421768076825244387e-04
2.439866820390504995e-04
2.462689335216360857e-04
2.527287020102730701e-04
2.545610590719172704e-04
2.562466960161613309e-04
2.584256396891609149e-04
2.616168435727108678e-04
2.660724917157109102e-04
2.712340451262795836e-04
2.741977659550870667e-04
2.813499637154275208e-04
2.843812544136878166e-04
2.902473699765033060e-04
2.939842003685221852e-04
2.975529737756502568e-04
2.993239910720972129e-04
3.037033468937852922e-04
3.045534914742921407e-04
3.062751533089643234e-04
3.069723738784789317e-04
3.094777510504984909e-04
3.160899437629129008e-04
3.167308535493769958e-04
3.219090150200276451e-04
3.246109446298109749e-04
3.271325255559544938e-04
3.342865915103581547e-04
3.369594243626965234e-04
3.423347334845360402e-04
3.456669566534364339e-04
3.500134851159097211e-04
3.538983257774120511e-04
3.579423196960467447e-04
3.628978015505941192e-04
3.657215103739880845e-04
3.681752545216549367e-04
3.705750237541351557e-04
3.719126819884164908e-04
3.745690313693480892e-04
3.800111925461437199e-04
3.848458035378553191e-04
3.872026430332905795e-04
3.923008789687846328e-04
3.945654109631768335e-04
3.979475605126908439e-04
3.996969986322654799e-04
4.015451092785546350e-04
4.048878863386798474e-04
4.089673169787498780e-04
4.119442513259017930e-04
4.121047005901920849e-04
4.158247344286013442e-04
4.185087268833664301e-04
4.234125066278438074e-04
4.257253131255355448e-04
4.271814745689471839e-04
4.302206687929538897e-04
4.323367166850015085e-04
4.359971546301824987e-04
4.362349447792146311e-04
4.371186000412965013e-04
4.407144675672774667e-04
4.419720505909086354e-04
4.450421922551483643e-04
4.464540423390025753e-04
4.512302133263786444e-04
4.539972223593137794e-04
4.551698332185875558e-04
4.570669988943216458e-04
4.609509519973318875e-04
4.645561995087774750e-04
4.655039658358483970e-04
4.698975805082813008e-04
4.730262655425665941e-04
4.740427661974863020e-04
4.754666441403399349e-04
4.797671913917645001e-04
4.818337706847192008e-04
4.853540337162284466e-04
4.873043912046503613e-04
4.925844194716655312e-04
4.933514432532248688e-04
4.969683115691507719e-04
4.987909463048436623e-04
5.001672943355768911e-04
5.016146481390121314e-04
5.047930654968342101e-04
5.070446643349208480e-04
5.121035381058102083e-04
5.172484356447908495e-04
5.196996740749695474e-04
5.233604674986113868e-04
5.256410781485014276e-04
5.316789111576658653e-04
5.335101611247807874e-04
5.376863030417385145e-04
5.394706694197695185e-04
5.433096883945191889e-04
5.474763214720554383e-04
5.531786576107348367e-04
5.573467433493883502e-04
5.584298296339956606e-04
5.608826627098064798e-04
5.689383131549123271e-04
5.730828305621140251e-04
5.763536139784078719e-04
5.846836903719005015e-04
5.878101495991128536e-04
5.954258608308874877e-04
5.982323029649008620e-04
6.013278402678448034e-04
6.064264973057110130e-04
6.077820944212887835e-04
6.145069555915570704e-04
6.219721091682661566e-04
6.243500866432945056e-04
6.252340025984400289e-04
6.354545183738577593e-04
6.359493274269653346e-04
6.416577613546436227e-04
6.482265832398687380e-04
6.560602532296276731e-04
6.627542125700615870e-04
6.671925353853623911e-04
6.721337531829709583e-04
6.770684159910527649e-04
6.890141126180657520e-04
6.919566353368458234e-04
6.950169211394387203e-04
6.993266666392682074e-04
7.034124125353341745e-04
7.086864815921606114e-04
7.120015168138879927e-04
7.161158948757845007e-04
7.184218956475397610e-04
7.265483779849196602e-04
7.304319729519711873e-04
7.338118099667597987e-04
7.445743890596711071e-04
7.481167490271041802e-04
7.554914991000460760e-04
7.610324207680313393e-04
7.645538010550940664e-04
7.784646465489660373e-04
7.838341806048027775e-04
7.875690847933060649e-04
7.938583143435053689e-04
7.981019020699026698e-04
8.051571348858660698e-04
8.183328529291976046e-04
8.374015161216972342e-04
8.408112203208926170e-04
8.549447458384439079e-04
8.640962524267481936e-04
8.710408145545947903e-04
8.818777869572910939e-04
8.857712724515062752e-04
8.917963848668579311e-04
8.987764237776690998e-04
9.150128369065059974e-04
9.292561309078553513e-04
9.427711279210634074e-04
9.670506195068306063e-04
9.700262084146411487e-04
9.831902597729291846e-04
9.889446471440714679e-04
1.013993296356459914e-03
1.023407659175117317e-03
1.025933211281310729e-03
1.029524473859314395e-03
1.029948255807603980e-03
1.045947731058189008e-03
1.052542751536119855e-03
1.065188257471400869e-03
1.070477457075646880e-03
1.077269862124530676e-03
1.093137164467611723e-03
1.108576074543138161e-03
1.136815551661951801e-03
1.139821785342817100e-03
1.144004782916274460e-03
1.152942000608350942e-03
1.190472662826551386e-03
1.213193854874985034e-03
1.217116034702858934e-03
1.217635086928794139e-03
1.248739744188921870e-03
1.251050448692464772e-03
1.256124922973285429e-03
1.266667065980575787e-03
1.269243951664392450e-03
1.285582192070913168e-03
1.321021209603179779e-03
1.331122126723335505e-03
1.333165278768523544e-03
1.337203342879533276e-03
1.341270564047004291e-03
1.355673011276888659e-03
1.361809304467919476e-03
1.363763042594824410e-03
1.380321761929742281e-03
1.398290608742329931e-03
1.414568328978553328e-03
1.424900176419443502e-03
1.438204951949946823e-03
1.440769974970216270e-03
1.445193742655256517e-03
1.461195019849471010e-03
1.471809538777737189e-03
1.503216481256403579e-03
1.508052002465411299e-03
1.520032324569314721e-03
1.547743996108880788e-03
1.575724835907526926e-03
1.591716413163727153e-03
1.600243743505195670e-03
1.601548041642124592e-03
1.612615496472123797e-03
1.630721118537376869e-03
1.641359633631369599e-03
1.648648323294801907e-03
1.649078380903018330e-03
1.661442802970286787e-03
1.664330271652520246e-03
1.677241758124662545e-03
1.680877417054283361e-03
1.689885173455387118e-03
1.705685911666771559e-03
1.717011334092225731e-03
1.728845795296248032e-03
1.744919828487281107e-03
1.745305581906073621e-03
1.753974801387149941e-03
1.766366614965490323e-03
1.778529887192198010e-03
1.781839802937148099e-03
1.789429339893300721e-03
1.790680247974145997e-03
1.797225932473447800e-03
1.825542681903516385e-03
1.838321424062555002e-03
1.841264498502541772e-03
1.846999963276419561e-03
1.882846114014432313e-03
1.887423700331513536e-03
1.897556103704973107e-03
1.911626953009835364e-03
1.926859483080842639e-03
1.959104216427324553e-03
1.966922951038537273e-03
1.981174326397256921e-03
1.997139951001417144e-03
2.016303700768809406e-03
2.032261338444062322e-03
2.035567339634510465e-03
2.038692461437989316e-03
2.099565710658928257e-03
2.108505710035092455e-03
2.171099511988759233e-03
2.191416551526246832e-03
2.214082900877688883e-03
2.224369779685408163e-03
