-2.435181305454643510e-18
2.917557586557755178e-05
2.930164321505799097e-05
2.930164321507151639e-05
7.916405255796372150e-05
7.916405255992118076e-05
8.043089618863574005e-05
9.768230906044256636e-05
9.920684183238084842e-05
1.334554379626637095e-04
1.745594706094159864e-04
1.750815075194326210e-04
1.750815075509330309e-04
1.795961650055566557e-04
1.822912546485602205e-04
1.822912546837571635e-04
2.473507812580775676e-04
2.521872700030303128e-04
2.521872700588492148e-04
2.601966968511723339e-04
2.980399046966021896e-04
2.980399047161344712e-04
3.001845248984909894e-04
3.016768111356372983e-04
3.104515971180697243e-04
3.581954201770396547e-04
3.581954202425920901e-04
3.616515749791343430e-04
3.868677749572096178e-04
4.014195303240376952e-04
4.250418726504261754e-04
4.250418726891887883e-04
4.292101505881156724e-04
4.483685661319621518e-04
4.494491772343217682e-04
4.494491773121784346e-04
4.893335962580280850e-04
4.893335963648949658e-04
5.001532688956040595e-04
5.047735713833107016e-04
5.297612092026548862e-04
5.386476425312539595e-04
5.386476425847529399e-04
5.780428629250181907e-04
5.844731155174206745e-04
5.861902411349184530e-04
5.993436383579769499e-04
5.993436390964984985e-04
6.003681728339886527e-04
6.049027803077424012e-04
6.353795275220397660e-04
6.536726788622471227e-04
6.536726795875474763e-04
6.694732679974851712e-04
6.834298943766292265e-04
6.834298944658836767e-04
6.934365686277265762e-04
7.115641761275422715e-04
7.379869803805773299e-04
7.449280691731673641e-04
7.449280692535352596e-04
7.504680896918714548e-04
7.657050244618313116e-04
7.657050250194661961e-04
7.658418863261437330e-04
7.688385005497396646e-04
7.688385011216316992e-04
7.956977334152257357e-04
8.142419191617862335e-04
8.193127396362988139e-04
8.193127403590228864e-04
8.287825497738032180e-04
8.586644824144456069e-04
8.586644826279588418e-04
8.668632640494713590e-04
8.751149413724214994e-04
8.751149421141638874e-04
8.965304074741742854e-04
9.137922138193184472e-04
9.137922143865845163e-04
9.183505912796944377e-04
9.210994179528139442e-04
9.327532492905962281e-04
9.327532502502087174e-04
9.368988294387138116e-04
9.403215475446884478e-04
9.447445691644192284e-04
9.447502887495297721e-04
9.531251413530325567e-04
9.700537166611008155e-04
1.019073511582752186e-03
1.020163444175020044e-03
1.029610619118233924e-03
1.029610621167035590e-03
1.041233009347600517e-03
1.044973046429748973e-03
1.045825258166744719e-03
1.053369648324629622e-03
1.056224042084983857e-03
1.056224042755588054e-03
1.064519439490058811e-03
1.064519439636739005e-03
1.086631111506655267e-03
1.089816254829771612e-03
1.089816255048874560e-03
1.094179637203680257e-03
1.103652172390969660e-03
1.103652173192293078e-03
1.118388571805123974e-03
1.118388571911662016e-03
1.151945840421963498e-03
1.160286558356421168e-03
1.160575849588806269e-03
1.161906098876476978e-03
1.206974763863982898e-03
1.206974764538823073e-03
1.240306131529277317e-03
1.240306133511643628e-03
1.245527998868456009e-03
1.247195061406845525e-03
1.261006620753935513e-03
1.269900811250714847e-03
1.274314233730970691e-03
1.285837147415116099e-03
1.285837147652959915e-03
1.288987292643823789e-03
1.302142226371209377e-03
1.302142227157633255e-03
1.309964677664443708e-03
1.322888892501609438e-03
1.333940825093134046e-03
1.340791890248439018e-03
1.340791892334051300e-03
1.344652261215339289e-03
1.344652261669681582e-03
1.353013944376953723e-03
1.354252538806926176e-03
1.354252540398470346e-03
1.377499191114903545e-03
1.382614889083916623e-03
1.400148052535038967e-03
1.405407132023879036e-03
1.405407132756373830e-03
1.406347240510803613e-03
1.426703036564246291e-03
1.426703036642777440e-03
1.427658718611611675e-03
1.437177064775322245e-03
1.484298892284911971e-03
1.512457377103740199e-03
1.512457379802976650e-03
1.517623409840774228e-03
1.517623411758286167e-03
1.521304880662644821e-03
1.531048385408423839e-03
1.533929999454069918e-03
1.563046462332824595e-03
1.563046470034723827e-03
1.564030495703347618e-03
1.583850520799569847e-03
1.585653060043795692e-03
1.600646492023735830e-03
1.601258044370589386e-03
1.601258047189778062e-03
1.602293881408796070e-03
1.613796733643254894e-03
1.617820544164730919e-03
1.617820544392887389e-03
1.619273271524494795e-03
1.623923426716758923e-03
1.639432545178458062e-03
1.639432545723157114e-03
1.640168906342727223e-03
1.640950827650091001e-03
1.654000143084143797e-03
1.655002561617601635e-03
1.655002564175407599e-03
1.657226277447462065e-03
1.657226280932461030e-03
1.691516831239859610e-03
1.705480554077690083e-03
1.707870420075158257e-03
1.710294667942282654e-03
1.710294668968609247e-03
1.711641395709396531e-03
1.711641397043322122e-03
1.716521815216897175e-03
1.722415486684521603e-03
1.727834807818906743e-03
1.741295749534939883e-03
1.759007186242976702e-03
1.760350358594498866e-03
1.760350361138678576e-03
1.760886941506930713e-03
1.763107272265089249e-03
1.779710454143688687e-03
1.779710456084761857e-03
1.786774585056242256e-03
1.787099629401633352e-03
1.814812162977682197e-03
1.815938189887630590e-03
1.815938191013894819e-03
1.826009009958907145e-03
1.833340759325730041e-03
1.833545514736273363e-03
1.845112561192847498e-03
1.848600126895398425e-03
1.848600127245534144e-03
1.856907559436116661e-03
1.856907561373962161e-03
1.859381385952941492e-03
1.859381387652546793e-03
1.861636001393310227e-03
1.861636005374865980e-03
1.863118613788115364e-03
1.863297422819107504e-03
1.873387165028457925e-03
1.873428255318905456e-03
1.890839293697074751e-03
1.891776349985991104e-03
1.898646944477060507e-03
1.904533719514691237e-03
1.904533719851535072e-03
1.911069630632556424e-03
1.917185760336494356e-03
1.917185760454557467e-03
1.940264936194223628e-03
1.940264942377005345e-03
1.956452833990049781e-03
1.956452841382121544e-03
1.966408895170781036e-03
1.966842978088698905e-03
1.999017800805912536e-03
2.012601248763199856e-03
2.056037367388748038e-03
2.056037373870153728e-03
2.058678604640852561e-03
2.058678611154117748e-03
2.074891614868635322e-03
2.075270955496143731e-03
2.101225263364349394e-03
2.108395396833903732e-03
2.146229474599146807e-03
2.146229478763939016e-03
2.146795265779265736e-03
2.146795269695260001e-03
2.167397284337694175e-03
2.168237093265188049e-03
2.179516979049542658e-03
2.179516980127475974e-03
2.183433585141133278e-03
2.183433586936700012e-03
2.206940248690320190e-03
2.206973816234331087e-03
2.224646467222307546e-03
2.224857853266404371e-03
2.246166150650273467e-03
2.248659964217491515e-03
2.266452624345799850e-03
2.266471114663676928e-03
2.351042688532899334e-03
2.352418021531430935e-03
2.384104646201583733e-03
2.384143990986677727e-03
2.386719598937446334e-03
2.386719613975710804e-03
2.389964577033609327e-03
2.389964592514401756e-03
2.473328835826961360e-03
2.473328838816519180e-03
2.474521597736990038e-03
2.474521601029799640e-03
2.494048577709437158e-03
2.494252610085123233e-03
2.506610331807170109e-03
2.506610334189351801e-03
2.513271215954282316e-03
2.513271218132963596e-03
2.568276520681106716e-03
2.568568701855555251e-03
2.612606467657591428e-03
2.612618300495097266e-03
2.666640237085396090e-03
2.666640241838201010e-03
2.666681799870680280e-03
2.666681804692184153e-03
2.675815935984481985e-03
2.675921439012381078e-03
2.777243388437751568e-03
2.777253520125263098e-03
2.782573488729363827e-03
2.782575353159332746e-03
2.840347033866562343e-03
2.840347037081429084e-03
2.842063875943961603e-03
2.842063879146375632e-03
2.922648298200831128e-03
2.922660778655215494e-03
2.951296749544786869e-03
2.951299618250844293e-03
3.043219665526850862e-03
3.043219666182588913e-03
3.045616999833572393e-03
3.045617000481041885e-03
3.093966946419291972e-03
3.093969073698613417e-03
3.248732538839455529e-03
3.248732542278045653e-03
3.249501404851735161e-03
3.249501408290069414e-03
3.280704010868216655e-03
3.280704175382983482e-03
3.352357287548242415e-03
3.352357757090967429e-03
3.504775335236645639e-03
3.504775869011898803e-03
3.547269606041569823e-03
3.547269610112798854e-03
3.547439243824903731e-03
3.547439247889571171e-03
3.607826043841766764e-03
3.607826050871984318e-03
